[0;38;2;255;240;176;48;2;255;240;176m▀▀▀▀[0;38;2;246;227;154;48;2;255;240;176m▀▀▀▀▀[0;38;2;246;227;154;48;2;246;227;154m▀▀[0;38;2;255;240;176;48;2;246;227;154m▀[0;38;2;255;240;176;48;2;255;240;176m▀[0;38;2;255;240;176;48;2;246;227;154m▀[0;38;2;255;240;176;48;2;255;240;176m▀▀[0;38;2;255;240;176;48;2;255;251;226m▀▀▀▀▀[0;38;2;255;240;176;48;2;143;207;94m▀[0;38;2;255;240;176;48;2;79;148;70m▀[0;38;2;255;240;176;48;2;255;240;176m▀[0;38;2;246;227;154;48;2;255;240;176m▀[0;38;2;255;240;176;48;2;255;240;176m▀▀[0;38;2;255;240;176;48;2;246;227;154m▀▀▀▀[0;38;2;246;227;154;48;2;246;227;154m▀▀▀▀▀▀▀▀▀▀▀▀▀▀▀▀▀[0m
[0;38;2;255;240;176;48;2;255;240;176m▀▀▀▀▀▀[0;38;2;255;240;176;48;2;27;68;36m▀▀▀▀▀▀▀[0;38;2;255;255;255;48;2;255;240;176m▀[0;38;2;255;240;176;48;2;255;240;176m▀[0;38;2;255;251;226;48;2;255;251;226m▀▀▀▀▀▀▀[0;38;2;255;240;176;48;2;255;240;176m▀▀[0;38;2;246;227;154;48;2;255;240;176m▀▀▀[0;38;2;246;227;154;48;2;255;255;255m▀[0;38;2;246;227;154;48;2;255;240;176m▀▀[0;38;2;246;227;154;48;2;27;68;36m▀▀▀▀▀▀▀▀[0;38;2;255;240;176;48;2;255;240;176m▀▀[0;38;2;255;240;176;48;2;27;68;36m▀[0;38;2;27;68;36;48;2;99;189;66m▀▀▀▀[0;38;2;255;240;176;48;2;27;68;36m▀[0;38;2;255;240;176;48;2;255;240;176m▀▀[0m
[0;38;2;255;240;176;48;2;255;240;176m▀▀[0;38;2;255;240;176;48;2;246;227;154m▀[0;38;2;255;240;176;48;2;27;68;36m▀[0;38;2;27;68;36;48;2;99;189;66m▀▀[0;38;2;99;189;66;48;2;99;189;66m▀[0;38;2;99;189;66;48;2;27;68;36m▀[0;38;2;59;138;48;48;2;27;68;36m▀[0;38;2;99;189;66;48;2;99;189;66m▀▀▀▀[0;38;2;27;68;36;48;2;99;189;66m▀[0;38;2;27;68;36;48;2;59;138;48m▀[0;38;2;255;251;226;48;2;27;68;36m▀▀[0;38;2;255;251;226;48;2;255;251;226m▀▀▀▀[0;38;2;255;251;226;48;2;255;240;176m▀[0;38;2;255;240;176;48;2;255;240;176m▀▀[0;38;2;246;227;154;48;2;255;240;176m▀[0;38;2;246;227;154;48;2;246;227;154m▀[0;38;2;255;240;176;48;2;27;68;36m▀▀[0;38;2;27;68;36;48;2;166;228;106m▀▀[0;38;2;166;228;106;48;2;166;228;106m▀▀[0;38;2;166;228;106;48;2;59;138;48m▀[0;38;2;59;138;48;48;2;99;189;66m▀[0;38;2;27;68;36;48;2;27;68;36m▀▀[0;38;2;59;138;48;48;2;59;138;48m▀[0;38;2;27;68;36;48;2;27;68;36m▀[0;38;2;27;68;36;48;2;99;189;66m▀[0;38;2;255;240;176;48;2;27;68;36m▀[0;38;2;255;240;176;48;2;255;240;176m▀[0;38;2;27;68;36;48;2;255;240;176m▀▀[0;38;2;99;189;66;48;2;27;68;36m▀[0;38;2;99;189;66;48;2;59;138;48m▀▀[0;38;2;27;68;36;48;2;27;68;36m▀[0;38;2;255;240;176;48;2;255;240;176m▀[0m
[0;38;2;246;227;154;48;2;246;227;154m▀▀[0;38;2;27;68;36;48;2;27;68;36m▀[0;38;2;99;189;66;48;2;99;189;66m▀[0;38;2;59;138;48;48;2;59;138;48m▀[0;38;2;99;189;66;48;2;27;68;36m▀[0;38;2;27;68;36;48;2;255;240;176m▀[0;38;2;246;227;154;48;2;255;240;176m▀▀[0;38;2;27;68;36;48;2;255;240;176m▀▀[0;38;2;59;138;48;48;2;21;64;58m▀[0;38;2;21;64;58;48;2;158;230;200m▀[0;38;2;59;138;48;48;2;21;64;58m▀[0;38;2;59;138;48;48;2;59;138;48m▀[0;38;2;99;189;66;48;2;99;189;66m▀▀[0;38;2;27;68;36;48;2;99;189;66m▀[0;38;2;255;240;176;48;2;27;68;36m▀▀[0;38;2;255;240;176;48;2;255;240;176m▀[0;38;2;255;240;176;48;2;246;227;154m▀[0;38;2;255;240;176;48;2;255;240;176m▀[0;38;2;255;240;176;48;2;246;227;154m▀[0;38;2;255;240;176;48;2;27;68;36m▀[0;38;2;27;68;36;48;2;21;64;58m▀[0;38;2;21;64;58;48;2;21;64;58m▀[0;38;2;166;228;106;48;2;166;228;106m▀▀▀[0;38;2;166;228;106;48;2;59;138;48m▀[0;38;2;59;138;48;48;2;166;228;106m▀[0;38;2;166;228;106;48;2;166;228;106m▀[0;38;2;99;189;66;48;2;99;189;66m▀▀▀[0;38;2;27;68;36;48;2;99;189;66m▀▀[0;38;2;99;189;66;48;2;27;68;36m▀[0;38;2;99;189;66;48;2;99;189;66m▀[0;38;2;27;68;36;48;2;59;138;48m▀[0;38;2;255;240;176;48;2;27;68;36m▀[0;38;2;255;240;176;48;2;246;227;154m▀▀[0;38;2;27;68;36;48;2;27;68;36m▀[0;38;2;99;189;66;48;2;99;189;66m▀▀[0;38;2;27;68;36;48;2;27;68;36m▀[0m
[0;38;2;246;227;154;48;2;255;240;176m▀[0;38;2;27;68;36;48;2;27;68;36m▀[0;38;2;99;189;66;48;2;99;189;66m▀▀[0;38;2;27;68;36;48;2;27;68;36m▀[0;38;2;255;240;176;48;2;255;240;176m▀▀[0;38;2;255;240;176;48;2;27;68;36m▀▀[0;38;2;246;227;154;48;2;246;227;154m▀▀[0;38;2;21;64;58;48;2;21;64;58m▀[0;38;2;93;188;159;48;2;93;188;159m▀[0;38;2;93;188;159;48;2;59;143;124m▀[0;38;2;21;64;58;48;2;59;143;124m▀[0;38;2;59;138;48;48;2;21;64;58m▀[0;38;2;27;68;36;48;2;255;240;176m▀[0;38;2;99;189;66;48;2;27;68;36m▀[0;38;2;99;189;66;48;2;99;189;66m▀▀[0;38;2;27;68;36;48;2;59;138;48m▀[0;38;2;255;240;176;48;2;27;68;36m▀[0;38;2;255;240;176;48;2;246;227;154m▀[0;38;2;27;68;36;48;2;21;64;58m▀[0;38;2;21;64;58;48;2;59;143;124m▀[0;38;2;158;230;200;48;2;59;143;124m▀[0;38;2;21;64;58;48;2;21;64;58m▀[0;38;2;166;228;106;48;2;166;228;106m▀▀[0;38;2;166;228;106;48;2;59;138;48m▀[0;38;2;59;138;48;48;2;166;228;106m▀[0;38;2;166;228;106;48;2;99;189;66m▀[0;38;2;99;189;66;48;2;99;189;66m▀▀▀▀▀▀[0;38;2;27;68;36;48;2;27;68;36m▀[0;38;2;99;189;66;48;2;99;189;66m▀[0;38;2;59;138;48;48;2;59;138;48m▀[0;38;2;27;68;36;48;2;59;138;48m▀[0;38;2;246;227;154;48;2;27;68;36m▀[0;38;2;246;227;154;48;2;246;227;154m▀[0;38;2;27;68;36;48;2;27;68;36m▀[0;38;2;59;138;48;48;2;99;189;66m▀[0;38;2;59;138;48;48;2;27;68;36m▀[0;38;2;27;68;36;48;2;246;227;154m▀[0m
[0;38;2;255;240;176;48;2;255;240;176m▀[0;38;2;27;68;36;48;2;27;68;36m▀[0;38;2;99;189;66;48;2;99;189;66m▀▀▀[0;38;2;27;68;36;48;2;99;189;66m▀▀[0;38;2;99;189;66;48;2;99;189;66m▀[0;38;2;27;68;36;48;2;27;68;36m▀[0;38;2;246;227;154;48;2;255;240;176m▀[0;38;2;255;240;176;48;2;255;240;176m▀[0;38;2;21;64;58;48;2;21;64;58m▀[0;38;2;59;143;124;48;2;59;143;124m▀▀[0;38;2;59;143;124;48;2;21;64;58m▀▀[0;38;2;21;64;58;48;2;21;64;58m▀[0;38;2;21;64;58;48;2;158;230;200m▀▀[0;38;2;21;64;58;48;2;47;120;102m▀[0;38;2;21;64;58;48;2;93;188;159m▀▀▀[0;38;2;59;143;124;48;2;21;64;58m▀▀▀[0;38;2;21;64;58;48;2;47;120;102m▀[0;38;2;166;228;106;48;2;99;189;66m▀▀[0;38;2;59;138;48;48;2;59;138;48m▀[0;38;2;99;189;66;48;2;99;189;66m▀▀▀▀▀▀▀▀[0;38;2;27;68;36;48;2;27;68;36m▀[0;38;2;99;189;66;48;2;59;138;48m▀[0;38;2;59;138;48;48;2;59;138;48m▀▀[0;38;2;27;68;36;48;2;27;68;36m▀[0;38;2;27;68;36;48;2;99;189;66m▀[0;38;2;99;189;66;48;2;99;189;66m▀[0;38;2;99;189;66;48;2;27;68;36m▀[0;38;2;27;68;36;48;2;246;227;154m▀[0;38;2;246;227;154;48;2;246;227;154m▀[0m
[0;38;2;246;227;154;48;2;226;226;154m▀▀[0;38;2;27;68;36;48;2;226;226;154m▀▀[0;38;2;99;189;66;48;2;27;68;36m▀▀▀[0;38;2;27;68;36;48;2;246;227;154m▀[0;38;2;246;227;154;48;2;246;227;154m▀▀[0;38;2;21;64;58;48;2;21;64;58m▀[0;38;2;59;143;124;48;2;59;143;124m▀[0;38;2;59;143;124;48;2;21;64;58m▀[0;38;2;21;64;58;48;2;158;230;200m▀[0;38;2;158;230;200;48;2;158;230;200m▀▀▀[0;38;2;47;120;102;48;2;158;230;200m▀[0;38;2;47;120;102;48;2;47;120;102m▀[0;38;2;158;230;200;48;2;158;230;200m▀▀[0;38;2;93;188;159;48;2;93;188;159m▀▀▀▀▀[0;38;2;21;64;58;48;2;93;188;159m▀[0;38;2;47;120;102;48;2;93;188;159m▀[0;38;2;99;189;66;48;2;21;64;58m▀[0;38;2;99;189;66;48;2;99;189;66m▀▀▀▀▀▀▀▀[0;38;2;99;189;66;48;2;59;138;48m▀[0;38;2;27;68;36;48;2;27;68;36m▀[0;38;2;59;138;48;48;2;59;138;48m▀▀▀[0;38;2;27;68;36;48;2;27;68;36m▀[0;38;2;59;138;48;48;2;99;189;66m▀[0;38;2;59;138;48;48;2;27;68;36m▀[0;38;2;27;68;36;48;2;246;227;154m▀[0;38;2;226;226;154;48;2;226;226;154m▀▀[0m
[0;38;2;226;226;154;48;2;226;226;154m▀▀▀▀[0;38;2;226;226;154;48;2;246;227;154m▀[0;38;2;246;227;154;48;2;246;227;154m▀▀▀▀[0;38;2;246;227;154;48;2;226;226;154m▀[0;38;2;21;64;58;48;2;21;64;58m▀[0;38;2;21;64;58;48;2;93;188;159m▀[0;38;2;21;64;58;48;2;220;52;64m▀▀[0;38;2;21;64;58;48;2;255;255;255m▀[0;38;2;21;64;58;48;2;21;64;58m▀[0;38;2;158;230;200;48;2;158;230;200m▀▀▀[0;38;2;158;230;200;48;2;93;188;159m▀[0;38;2;93;188;159;48;2;93;188;159m▀[0;38;2;93;188;159;48;2;21;64;58m▀[0;38;2;21;64;58;48;2;255;255;255m▀[0;38;2;21;64;58;48;2;220;52;64m▀▀▀[0;38;2;93;188;159;48;2;21;64;58m▀[0;38;2;93;188;159;48;2;93;188;159m▀[0;38;2;59;143;124;48;2;59;143;124m▀[0;38;2;21;64;58;48;2;21;64;58m▀[0;38;2;99;189;66;48;2;99;189;66m▀▀▀▀▀[0;38;2;99;189;66;48;2;59;138;48m▀[0;38;2;59;138;48;48;2;59;138;48m▀▀▀▀▀[0;38;2;59;138;48;48;2;27;68;36m▀[0;38;2;27;68;36;48;2;27;68;36m▀[0;38;2;27;68;36;48;2;246;227;154m▀[0;38;2;246;227;154;48;2;246;227;154m▀[0;38;2;246;227;154;48;2;143;207;94m▀[0;38;2;226;226;154;48;2;79;148;70m▀[0;38;2;226;226;154;48;2;226;226;154m▀[0m
[0;38;2;226;226;154;48;2;226;226;154m▀▀[0;38;2;226;226;154;48;2;246;227;154m▀[0;38;2;246;227;154;48;2;246;227;154m▀▀▀▀[0;38;2;246;227;154;48;2;226;226;154m▀[0;38;2;226;226;154;48;2;226;226;154m▀▀[0;38;2;21;64;58;48;2;21;64;58m▀[0;38;2;93;188;159;48;2;93;188;159m▀[0;38;2;220;52;64;48;2;122;20;32m▀[0;38;2;122;20;32;48;2;122;20;32m▀[0;38;2;122;20;32;48;2;220;52;64m▀[0;38;2;21;64;58;48;2;21;64;58m▀[0;38;2;158;230;200;48;2;93;188;159m▀[0;38;2;93;188;159;48;2;93;188;159m▀▀▀▀[0;38;2;255;255;255;48;2;255;255;255m▀[0;38;2;220;52;64;48;2;220;52;64m▀[0;38;2;255;255;255;48;2;122;20;32m▀[0;38;2;122;20;32;48;2;122;20;32m▀[0;38;2;122;20;32;48;2;220;52;64m▀[0;38;2;21;64;58;48;2;21;64;58m▀[0;38;2;59;143;124;48;2;59;143;124m▀[0;38;2;59;143;124;48;2;47;120;102m▀[0;38;2;21;64;58;48;2;59;143;124m▀[0;38;2;21;64;58;48;2;21;64;58m▀[0;38;2;21;64;58;48;2;93;188;159m▀[0;38;2;99;189;66;48;2;21;64;58m▀[0;38;2;59;138;48;48;2;21;64;58m▀▀▀▀[0;38;2;59;138;48;48;2;59;138;48m▀▀▀[0;38;2;27;68;36;48;2;27;68;36m▀[0;38;2;27;68;36;48;2;226;226;154m▀[0;38;2;246;227;154;48;2;226;226;154m▀[0;38;2;246;227;154;48;2;246;227;154m▀[0;38;2;246;227;154;48;2;226;226;154m▀[0;38;2;226;226;154;48;2;226;226;154m▀▀▀[0m
[0;38;2;226;226;154;48;2;246;227;154m▀[0;38;2;246;227;154;48;2;246;227;154m▀▀▀[0;38;2;143;207;94;48;2;246;227;154m▀[0;38;2;79;148;70;48;2;246;227;154m▀[0;38;2;226;226;154;48;2;226;226;154m▀[0;38;2;226;226;154;48;2;143;207;94m▀[0;38;2;143;207;94;48;2;140;191;124m▀[0;38;2;226;226;154;48;2;143;207;94m▀[0;38;2;21;64;58;48;2;21;64;58m▀[0;38;2;59;143;124;48;2;93;188;159m▀[0;38;2;21;64;58;48;2;93;188;159m▀▀▀[0;38;2;93;188;159;48;2;93;188;159m▀▀▀▀▀▀▀[0;38;2;21;64;58;48;2;93;188;159m▀▀▀[0;38;2;21;64;58;48;2;59;143;124m▀[0;38;2;59;143;124;48;2;59;143;124m▀▀▀[0;38;2;59;143;124;48;2;21;64;58m▀[0;38;2;21;64;58;48;2;158;230;200m▀[0;38;2;93;188;159;48;2;93;188;159m▀▀▀[0;38;2;93;188;159;48;2;47;120;102m▀▀[0;38;2;93;188;159;48;2;93;188;159m▀[0;38;2;21;64;58;48;2;93;188;159m▀▀[0;38;2;27;68;36;48;2;21;64;58m▀[0;38;2;44;90;51;48;2;226;226;154m▀[0;38;2;226;226;154;48;2;44;90;51m▀[0;38;2;143;207;94;48;2;44;90;51m▀[0;38;2;226;226;154;48;2;143;207;94m▀[0;38;2;226;226;154;48;2;226;226;154m▀▀▀[0;38;2;255;255;255;48;2;226;226;154m▀[0m
[0;38;2;191;216;150;48;2;191;216;150m▀▀▀▀▀▀[0;38;2;191;216;150;48;2;143;207;94m▀[0;38;2;140;191;124;48;2;140;191;124m▀▀▀[0;38;2;21;64;58;48;2;143;207;94m▀[0;38;2;21;64;58;48;2;21;64;58m▀[0;38;2;21;64;58;48;2;93;188;159m▀[0;38;2;93;188;159;48;2;21;64;58m▀▀▀▀▀▀▀▀▀▀[0;38;2;59;143;124;48;2;21;64;58m▀▀▀▀[0;38;2;21;64;58;48;2;59;143;124m▀[0;38;2;59;143;124;48;2;21;64;58m▀[0;38;2;21;64;58;48;2;93;188;159m▀[0;38;2;93;188;159;48;2;93;188;159m▀▀▀▀▀[0;38;2;47;120;102;48;2;93;188;159m▀▀[0;38;2;93;188;159;48;2;93;188;159m▀[0;38;2;93;188;159;48;2;59;143;124m▀[0;38;2;59;143;124;48;2;59;143;124m▀[0;38;2;21;64;58;48;2;59;143;124m▀[0;38;2;44;90;51;48;2;21;64;58m▀[0;38;2;93;154;90;48;2;93;154;90m▀[0;38;2;44;90;51;48;2;93;154;90m▀[0;38;2;44;90;51;48;2;79;148;70m▀[0;38;2;143;207;94;48;2;44;90;51m▀▀[0;38;2;191;216;150;48;2;191;216;150m▀[0m
[0;38;2;143;207;94;48;2;140;191;124m▀[0;38;2;191;216;150;48;2;143;207;94m▀[0;38;2;143;207;94;48;2;140;191;124m▀▀[0;38;2;191;216;150;48;2;44;90;51m▀▀[0;38;2;140;191;124;48;2;44;90;51m▀▀▀[0;38;2;44;90;51;48;2;44;90;51m▀[0;38;2;44;90;51;48;2;93;154;90m▀[0;38;2;140;191;124;48;2;140;191;124m▀[0;38;2;21;64;58;48;2;140;191;124m▀[0;38;2;59;143;124;48;2;21;64;58m▀[0;38;2;93;188;159;48;2;21;64;58m▀[0;38;2;21;64;58;48;2;59;143;124m▀[0;38;2;156;47;69;48;2;21;64;58m▀[0;38;2;156;47;69;48;2;156;47;69m▀▀[0;38;2;156;47;69;48;2;238;134;152m▀▀▀▀[0;38;2;156;47;69;48;2;21;64;58m▀[0;38;2;21;64;58;48;2;59;143;124m▀[0;38;2;59;143;124;48;2;59;143;124m▀[0;38;2;59;143;124;48;2;21;64;58m▀▀[0;38;2;21;64;58;48;2;93;188;159m▀[0;38;2;93;188;159;48;2;93;188;159m▀▀[0;38;2;47;120;102;48;2;93;188;159m▀[0;38;2;93;188;159;48;2;93;188;159m▀▀▀▀[0;38;2;93;188;159;48;2;59;143;124m▀[0;38;2;59;143;124;48;2;21;64;58m▀[0;38;2;47;120;102;48;2;158;230;200m▀▀[0;38;2;21;64;58;48;2;93;188;159m▀[0;38;2;21;64;58;48;2;21;64;58m▀[0;38;2;143;207;94;48;2;44;90;51m▀[0;38;2;93;154;90;48;2;143;207;94m▀[0;38;2;93;154;90;48;2;93;154;90m▀[0;38;2;79;148;70;48;2;79;148;70m▀▀[0;38;2;44;90;51;48;2;44;90;51m▀[0m
[0;38;2;93;154;90;48;2;44;90;51m▀[0;38;2;140;191;124;48;2;44;90;51m▀[0;38;2;44;90;51;48;2;143;207;94m▀▀[0;38;2;143;207;94;48;2;143;207;94m▀[0;38;2;143;207;94;48;2;93;154;90m▀▀[0;38;2;93;154;90;48;2;79;148;70m▀[0;38;2;93;154;90;48;2;44;90;51m▀[0;38;2;44;90;51;48;2;140;191;124m▀[0;38;2;140;191;124;48;2;140;191;124m▀▀▀▀[0;38;2;143;207;94;48;2;140;191;124m▀[0;38;2;21;64;58;48;2;21;64;58m▀[0;38;2;21;64;58;48;2;93;188;159m▀▀[0;38;2;21;64;58;48;2;21;64;58m▀▀▀▀▀[0;38;2;21;64;58;48;2;93;188;159m▀▀▀[0;38;2;93;188;159;48;2;93;188;159m▀▀▀▀▀▀[0;38;2;93;188;159;48;2;59;143;124m▀▀[0;38;2;59;143;124;48;2;59;143;124m▀▀[0;38;2;21;64;58;48;2;21;64;58m▀[0;38;2;158;230;200;48;2;93;188;159m▀▀[0;38;2;93;188;159;48;2;93;188;159m▀▀▀[0;38;2;21;64;58;48;2;21;64;58m▀[0;38;2;143;207;94;48;2;44;90;51m▀[0;38;2;143;207;94;48;2;143;207;94m▀[0;38;2;93;154;90;48;2;143;207;94m▀[0;38;2;79;148;70;48;2;93;154;90m▀[0;38;2;44;90;51;48;2;44;90;51m▀[0m
[0;38;2;44;90;51;48;2;44;90;51m▀[0;38;2;143;207;94;48;2;143;207;94m▀▀[0;38;2;143;207;94;48;2;93;154;90m▀[0;38;2;93;154;90;48;2;79;148;70m▀▀[0;38;2;79;148;70;48;2;79;148;70m▀[0;38;2;79;148;70;48;2;44;90;51m▀[0;38;2;44;90;51;48;2;106;168;74m▀[0;38;2;106;168;74;48;2;143;207;94m▀[0;38;2;140;191;124;48;2;106;168;74m▀▀[0;38;2;106;168;74;48;2;106;168;74m▀[0;38;2;140;191;124;48;2;143;207;94m▀[0;38;2;21;64;58;48;2;21;64;58m▀[0;38;2;158;230;200;48;2;158;230;200m▀[0;38;2;93;188;159;48;2;93;188;159m▀▀▀[0;38;2;59;143;124;48;2;59;143;124m▀[0;38;2;21;64;58;48;2;21;64;58m▀[0;38;2;21;64;58;48;2;143;207;94m▀[0;38;2;93;188;159;48;2;21;64;58m▀▀▀[0;38;2;93;188;159;48;2;59;143;124m▀▀▀[0;38;2;59;143;124;48;2;59;143;124m▀▀▀▀▀▀▀▀[0;38;2;59;143;124;48;2;21;64;58m▀[0;38;2;21;64;58;48;2;21;64;58m▀[0;38;2;93;188;159;48;2;93;188;159m▀▀▀▀[0;38;2;21;64;58;48;2;21;64;58m▀[0;38;2;44;90;51;48;2;106;168;74m▀[0;38;2;143;207;94;48;2;44;90;51m▀[0;38;2;143;207;94;48;2;143;207;94m▀[0;38;2;93;154;90;48;2;143;207;94m▀[0;38;2;44;90;51;48;2;44;90;51m▀[0m
[0;38;2;44;90;51;48;2;44;90;51m▀[0;38;2;93;154;90;48;2;93;154;90m▀[0;38;2;93;154;90;48;2;79;148;70m▀[0;38;2;79;148;70;48;2;79;148;70m▀▀[0;38;2;79;148;70;48;2;44;90;51m▀[0;38;2;44;90;51;48;2;106;168;74m▀[0;38;2;106;168;74;48;2;106;168;74m▀▀▀▀▀▀▀[0;38;2;21;64;58;48;2;21;64;58m▀[0;38;2;158;230;200;48;2;93;188;159m▀[0;38;2;93;188;159;48;2;93;188;159m▀▀▀[0;38;2;59;143;124;48;2;21;64;58m▀[0;38;2;21;64;58;48;2;106;168;74m▀[0;38;2;106;168;74;48;2;106;168;74m▀▀[0;38;2;21;64;58;48;2;21;64;58m▀[0;38;2;93;188;159;48;2;93;188;159m▀[0;38;2;21;64;58;48;2;93;188;159m▀▀[0;38;2;21;64;58;48;2;21;64;58m▀[0;38;2;21;64;58;48;2;106;168;74m▀▀▀▀[0;38;2;21;64;58;48;2;21;64;58m▀[0;38;2;21;64;58;48;2;93;188;159m▀▀▀[0;38;2;93;188;159;48;2;93;188;159m▀[0;38;2;21;64;58;48;2;21;64;58m▀[0;38;2;93;188;159;48;2;93;188;159m▀▀▀▀[0;38;2;21;64;58;48;2;21;64;58m▀[0;38;2;44;90;51;48;2;79;148;70m▀▀▀▀[0;38;2;44;90;51;48;2;44;90;51m▀[0m
[0;38;2;44;90;51;48;2;44;90;51m▀[0;38;2;79;148;70;48;2;44;90;51m▀▀▀[0;38;2;44;90;51;48;2;63;122;50m▀[0;38;2;63;122;50;48;2;63;122;50m▀▀▀▀▀▀▀▀▀[0;38;2;21;64;58;48;2;21;64;58m▀[0;38;2;93;188;159;48;2;21;64;58m▀[0;38;2;243;240;220;48;2;21;64;58m▀[0;38;2;93;188;159;48;2;21;64;58m▀[0;38;2;243;240;220;48;2;21;64;58m▀[0;38;2;21;64;58;48;2;21;64;58m▀[0;38;2;63;122;50;48;2;63;122;50m▀▀▀[0;38;2;21;64;58;48;2;63;122;50m▀[0;38;2;93;188;159;48;2;21;64;58m▀▀▀[0;38;2;21;64;58;48;2;21;64;58m▀[0;38;2;63;122;50;48;2;63;122;50m▀▀▀▀▀[0;38;2;21;64;58;48;2;21;64;58m▀[0;38;2;93;188;159;48;2;21;64;58m▀▀[0;38;2;59;143;124;48;2;21;64;58m▀[0;38;2;21;64;58;48;2;63;122;50m▀[0;38;2;93;188;159;48;2;21;64;58m▀[0;38;2;243;240;220;48;2;21;64;58m▀[0;38;2;93;188;159;48;2;21;64;58m▀[0;38;2;243;240;220;48;2;21;64;58m▀[0;38;2;21;64;58;48;2;21;64;58m▀[0;38;2;93;154;90;48;2;44;90;51m▀▀▀▀[0;38;2;44;90;51;48;2;44;90;51m▀[0m
