[0m                   [0;38;2;62;53;16m▄▄▄▄▄[0;38;2;62;53;16;48;2;62;53;16m▀[0;38;2;62;53;16m▀[0m[0m
[0m  [0;38;2;44;69;20m▄[0m            [0;38;2;62;53;16m▄[0;38;2;62;53;16;48;2;242;226;126m▀▀▀[0;38;2;242;226;126;48;2;242;226;126m▀▀[0;38;2;205;180;60;48;2;205;180;60m▀[0;38;2;62;53;16;48;2;62;53;16m▀▀▀[0;38;2;62;53;16;48;2;205;180;60m▀[0;38;2;62;53;16m▄[0m[0m
[0m  [0;38;2;44;69;20;48;2;44;69;20m▀[0;38;2;44;69;20;48;2;178;212;90m▀[0;38;2;44;69;20m▄[0m        [0;38;2;62;53;16m▄[0;38;2;44;69;20;48;2;44;69;20m▀[0;38;2;242;226;126;48;2;44;69;20m▀[0;38;2;242;226;126;48;2;242;226;126m▀▀[0;38;2;242;226;126;48;2;154;130;40m▀[0;38;2;154;130;40;48;2;242;226;126m▀[0;38;2;242;226;126;48;2;242;226;126m▀[0;38;2;205;180;60;48;2;205;180;60m▀▀[0;38;2;205;180;60;48;2;62;53;16m▀[0;38;2;62;53;16;48;2;205;180;60m▀[0;38;2;205;180;60;48;2;205;180;60m▀▀[0;38;2;62;53;16;48;2;154;130;40m▀[0;38;2;62;53;16m▄[0m[0m
[0m  [0;38;2;44;69;20;48;2;44;69;20m▀[0;38;2;178;212;90;48;2;134;173;60m▀[0;38;2;134;173;60;48;2;134;173;60m▀[0;38;2;44;69;20;48;2;134;173;60m▀[0;38;2;44;69;20m▄[0m [0;38;2;44;69;20m▄▄▄[0m [0;38;2;62;53;16;48;2;44;69;20m▀[0;38;2;44;69;20;48;2;134;173;60m▀[0;38;2;134;173;60;48;2;134;173;60m▀[0;38;2;44;69;20;48;2;44;69;20m▀[0;38;2;242;226;126;48;2;242;226;126m▀[0;38;2;242;226;126;48;2;154;130;40m▀[0;38;2;154;130;40;48;2;242;226;126m▀[0;38;2;242;226;126;48;2;205;180;60m▀[0;38;2;205;180;60;48;2;205;180;60m▀▀▀[0;38;2;62;53;16;48;2;205;180;60m▀[0;38;2;205;180;60;48;2;62;53;16m▀[0;38;2;205;180;60;48;2;205;180;60m▀▀[0;38;2;154;130;40;48;2;154;130;40m▀[0;38;2;62;53;16;48;2;62;53;16m▀[0m[0m
[0m [0;38;2;44;69;20;48;2;44;69;20m▀[0;38;2;134;173;60;48;2;134;173;60m▀[0;38;2;134;173;60;48;2;44;69;20m▀▀[0;38;2;44;69;20;48;2;226;243;156m▀▀[0;38;2;44;69;20;48;2;79;154;126m▀[0;38;2;226;243;156;48;2;79;154;126m▀[0;38;2;226;243;156;48;2;226;243;156m▀[0;38;2;178;212;90;48;2;178;212;90m▀[0;38;2;44;69;20;48;2;178;212;90m▀▀▀▀[0;38;2;79;154;126;48;2;44;69;20m▀[0;38;2;205;180;60;48;2;205;180;60m▀[0;38;2;154;130;40;48;2;154;130;40m▀[0;38;2;205;180;60;48;2;205;180;60m▀▀▀▀▀▀[0;38;2;62;53;16;48;2;62;53;16m▀[0;38;2;205;180;60;48;2;154;130;40m▀[0;38;2;154;130;40;48;2;154;130;40m▀▀▀[0;38;2;62;53;16;48;2;62;53;16m▀[0m[0m
[0m [0;38;2;44;69;20;48;2;44;69;20m▀▀[0;38;2;226;243;156;48;2;44;69;20m▀▀▀[0;38;2;226;243;156;48;2;226;243;156m▀▀[0;38;2;79;154;126;48;2;226;243;156m▀[0;38;2;226;243;156;48;2;178;212;90m▀[0;38;2;178;212;90;48;2;178;212;90m▀[0;38;2;178;212;90;48;2;44;69;20m▀▀▀[0;38;2;178;212;90;48;2;178;212;90m▀▀[0;38;2;44;69;20;48;2;134;173;60m▀[0;38;2;154;130;40;48;2;44;69;20m▀[0;38;2;205;180;60;48;2;205;180;60m▀▀▀▀▀[0;38;2;205;180;60;48;2;154;130;40m▀[0;38;2;62;53;16;48;2;62;53;16m▀[0;38;2;154;130;40;48;2;154;130;40m▀▀▀[0;38;2;62;53;16;48;2;62;53;16m▀[0m[0m
[0m [0;38;2;44;69;20;48;2;44;69;20m▀[0;38;2;226;243;156;48;2;178;212;90m▀[0;38;2;240;122;34;48;2;138;58;14m▀[0;38;2;255;255;255;48;2;240;122;34m▀[0;38;2;44;69;20;48;2;44;69;20m▀[0;38;2;226;243;156;48;2;178;212;90m▀▀[0;38;2;178;212;90;48;2;178;212;90m▀▀[0;38;2;44;69;20;48;2;255;255;255m▀[0;38;2;255;255;255;48;2;240;122;34m▀[0;38;2;240;122;34;48;2;138;58;14m▀[0;38;2;44;69;20;48;2;79;154;126m▀[0;38;2;178;212;90;48;2;178;212;90m▀▀[0;38;2;134;173;60;48;2;134;173;60m▀▀[0;38;2;44;69;20;48;2;44;69;20m▀[0;38;2;205;180;60;48;2;44;69;20m▀▀▀[0;38;2;154;130;40;48;2;44;69;20m▀[0;38;2;154;130;40;48;2;154;130;40m▀▀▀▀[0;38;2;154;130;40;48;2;62;53;16m▀[0;38;2;62;53;16m▀[0m[0m
[0m [0;38;2;134;173;60;48;2;44;69;20m▀[0;38;2;178;212;90;48;2;178;212;90m▀[0;38;2;44;69;20;48;2;178;212;90m▀▀[0;38;2;178;212;90;48;2;178;212;90m▀▀▀▀▀▀[0;38;2;44;69;20;48;2;178;212;90m▀▀[0;38;2;178;212;90;48;2;178;212;90m▀[0;38;2;178;212;90;48;2;134;173;60m▀[0;38;2;134;173;60;48;2;134;173;60m▀▀▀[0;38;2;44;69;20;48;2;44;69;20m▀[0;38;2;178;212;90;48;2;178;212;90m▀▀▀▀[0;38;2;44;69;20;48;2;178;212;90m▀▀[0;38;2;154;130;40;48;2;44;69;20m▀[0;38;2;62;53;16;48;2;44;69;20m▀[0m[0m
[0m [0;38;2;44;69;20m▀[0;38;2;44;69;20;48;2;44;69;20m▀[0;38;2;178;212;90;48;2;44;69;20m▀▀▀▀▀▀▀▀▀[0;38;2;134;173;60;48;2;44;69;20m▀[0;38;2;44;69;20;48;2;134;173;60m▀[0;38;2;134;173;60;48;2;134;173;60m▀▀▀[0;38;2;44;69;20;48;2;44;69;20m▀[0;38;2;178;212;90;48;2;178;212;90m▀▀[0;38;2;79;154;126;48;2;178;212;90m▀[0;38;2;79;154;126;48;2;79;154;126m▀[0;38;2;178;212;90;48;2;178;212;90m▀▀▀[0;38;2;178;212;90;48;2;134;173;60m▀[0;38;2;134;173;60;48;2;134;173;60m▀[0;38;2;44;69;20;48;2;44;69;20m▀[0m[0m
[0m   [0;38;2;44;69;20m▀[0;38;2;134;173;60;48;2;44;69;20m▀[0;38;2;44;69;20;48;2;44;69;20m▀[0;38;2;156;47;69;48;2;44;69;20m▀[0;38;2;156;47;69;48;2;238;134;152m▀▀[0;38;2;156;47;69;48;2;44;69;20m▀[0;38;2;44;69;20;48;2;134;173;60m▀[0;38;2;134;173;60;48;2;134;173;60m▀▀[0;38;2;134;173;60;48;2;44;69;20m▀▀[0;38;2;44;69;20;48;2;178;212;90m▀▀[0;38;2;178;212;90;48;2;178;212;90m▀▀▀▀▀▀[0;38;2;178;212;90;48;2;134;173;60m▀[0;38;2;79;154;126;48;2;44;69;20m▀[0;38;2;79;154;126;48;2;226;243;156m▀[0;38;2;44;69;20;48;2;178;212;90m▀▀[0;38;2;44;69;20;48;2;44;69;20m▀[0m[0m
[0m     [0;38;2;44;69;20;48;2;44;69;20m▀[0;38;2;44;69;20;48;2;178;212;90m▀▀▀[0;38;2;44;69;20;48;2;134;173;60m▀[0;38;2;44;69;20;48;2;44;69;20m▀▀[0;38;2;44;69;20;48;2;178;212;90m▀[0;38;2;178;212;90;48;2;178;212;90m▀▀▀▀[0;38;2;178;212;90;48;2;134;173;60m▀▀▀▀[0;38;2;134;173;60;48;2;134;173;60m▀▀▀[0;38;2;44;69;20;48;2;44;69;20m▀[0;38;2;178;212;90;48;2;178;212;90m▀▀▀[0;38;2;44;69;20;48;2;44;69;20m▀[0m[0m
[0m    [0;38;2;44;69;20m▄[0;38;2;44;69;20;48;2;226;243;156m▀[0;38;2;178;212;90;48;2;178;212;90m▀▀▀[0;38;2;44;69;20;48;2;44;69;20m▀[0m  [0;38;2;44;69;20;48;2;44;69;20m▀[0;38;2;44;69;20;48;2;178;212;90m▀[0;38;2;134;173;60;48;2;44;69;20m▀▀▀▀▀▀▀▀▀[0;38;2;44;69;20;48;2;178;212;90m▀[0;38;2;44;69;20;48;2;44;69;20m▀[0;38;2;178;212;90;48;2;178;212;90m▀▀▀▀[0;38;2;44;69;20;48;2;44;69;20m▀[0m[0m
[0m    [0;38;2;44;69;20;48;2;44;69;20m▀[0;38;2;178;212;90;48;2;243;240;220m▀[0;38;2;178;212;90;48;2;178;212;90m▀[0;38;2;178;212;90;48;2;243;240;220m▀[0;38;2;134;173;60;48;2;134;173;60m▀[0;38;2;44;69;20;48;2;44;69;20m▀[0m  [0;38;2;44;69;20;48;2;44;69;20m▀[0;38;2;178;212;90;48;2;178;212;90m▀▀[0;38;2;178;212;90;48;2;134;173;60m▀[0;38;2;44;69;20;48;2;44;69;20m▀[0m   [0;38;2;44;69;20m▀[0;38;2;178;212;90;48;2;44;69;20m▀[0;38;2;178;212;90;48;2;178;212;90m▀[0;38;2;178;212;90;48;2;134;173;60m▀[0;38;2;44;69;20;48;2;44;69;20m▀[0;38;2;178;212;90;48;2;44;69;20m▀[0;38;2;178;212;90;48;2;243;240;220m▀[0;38;2;178;212;90;48;2;178;212;90m▀[0;38;2;178;212;90;48;2;243;240;220m▀[0;38;2;44;69;20;48;2;44;69;20m▀[0m[0m
[0m     [0;38;2;44;69;20m▀▀▀▀[0m    [0;38;2;44;69;20m▀▀▀[0m     [0;38;2;44;69;20m▀▀▀[0m [0;38;2;44;69;20m▀▀▀▀[0m[0m
