[0;38;2;94;60;8;48;2;94;60;8m▀[0;38;2;94;60;8;48;2;255;224;122m▀▀▀▀▀▀▀▀▀▀▀▀▀▀▀▀▀▀▀▀▀▀▀▀▀▀▀▀▀▀▀▀▀▀▀▀▀▀▀▀▀▀▀▀▀[0;38;2;94;60;8;48;2;184;132;28m▀[0;38;2;94;60;8;48;2;94;60;8m▀[0m
[0;38;2;94;60;8;48;2;94;60;8m▀[0;38;2;255;224;122;48;2;255;224;122m▀[0;38;2;94;60;8;48;2;94;60;8m▀[0;38;2;94;60;8;48;2;106;74;20m▀▀▀[0;38;2;94;60;8;48;2;74;42;6m▀▀▀▀▀▀▀[0;38;2;94;60;8;48;2;106;74;20m▀▀▀▀▀▀[0;38;2;94;60;8;48;2;148;112;42m▀▀[0;38;2;94;60;8;48;2;255;243;166m▀[0;38;2;94;60;8;48;2;106;74;20m▀▀▀▀▀▀▀▀[0;38;2;94;60;8;48;2;74;42;6m▀▀▀▀▀▀▀▀[0;38;2;94;60;8;48;2;106;74;20m▀▀[0;38;2;94;60;8;48;2;74;42;6m▀[0;38;2;74;42;6;48;2;236;154;48m▀▀▀▀[0;38;2;94;60;8;48;2;74;42;6m▀[0;38;2;184;132;28;48;2;184;132;28m▀[0;38;2;94;60;8;48;2;94;60;8m▀[0m
[0;38;2;94;60;8;48;2;94;60;8m▀[0;38;2;255;224;122;48;2;255;224;122m▀[0;38;2;94;60;8;48;2;94;60;8m▀[0;38;2;106;74;20;48;2;74;42;6m▀[0;38;2;74;42;6;48;2;236;154;48m▀▀[0;38;2;236;154;48;48;2;236;154;48m▀[0;38;2;236;154;48;48;2;74;42;6m▀[0;38;2;184;100;26;48;2;74;42;6m▀[0;38;2;236;154;48;48;2;236;154;48m▀▀▀▀[0;38;2;74;42;6;48;2;236;154;48m▀[0;38;2;74;42;6;48;2;184;100;26m▀[0;38;2;106;74;20;48;2;74;42;6m▀▀[0;38;2;106;74;20;48;2;148;112;42m▀[0;38;2;148;112;42;48;2;148;112;42m▀▀[0;38;2;255;243;166;48;2;106;74;20m▀[0;38;2;255;255;255;48;2;255;243;166m▀[0;38;2;255;243;166;48;2;106;74;20m▀[0;38;2;106;74;20;48;2;148;112;42m▀[0;38;2;148;112;42;48;2;106;74;20m▀[0;38;2;106;74;20;48;2;148;112;42m▀[0;38;2;148;112;42;48;2;74;42;6m▀[0;38;2;106;74;20;48;2;74;42;6m▀[0;38;2;74;42;6;48;2;255;210;122m▀▀[0;38;2;255;210;122;48;2;255;210;122m▀▀[0;38;2;255;210;122;48;2;184;100;26m▀[0;38;2;184;100;26;48;2;236;154;48m▀[0;38;2;74;42;6;48;2;74;42;6m▀▀[0;38;2;184;100;26;48;2;184;100;26m▀[0;38;2;74;42;6;48;2;74;42;6m▀[0;38;2;74;42;6;48;2;236;154;48m▀[0;38;2;106;74;20;48;2;74;42;6m▀[0;38;2;126;90;26;48;2;126;90;26m▀[0;38;2;74;42;6;48;2;126;90;26m▀[0;38;2;74;42;6;48;2;106;74;20m▀[0;38;2;236;154;48;48;2;74;42;6m▀[0;38;2;236;154;48;48;2;184;100;26m▀▀[0;38;2;74;42;6;48;2;74;42;6m▀[0;38;2;94;60;8;48;2;94;60;8m▀[0m
[0;38;2;94;60;8;48;2;94;60;8m▀[0;38;2;255;224;122;48;2;255;224;122m▀[0;38;2;74;42;6;48;2;74;42;6m▀[0;38;2;236;154;48;48;2;236;154;48m▀[0;38;2;184;100;26;48;2;184;100;26m▀[0;38;2;236;154;48;48;2;74;42;6m▀[0;38;2;74;42;6;48;2;106;74;20m▀[0;38;2;126;90;26;48;2;106;74;20m▀[0;38;2;106;74;20;48;2;106;74;20m▀[0;38;2;74;42;6;48;2;106;74;20m▀▀[0;38;2;184;100;26;48;2;60;52;8m▀[0;38;2;60;52;8;48;2;246;238;152m▀[0;38;2;184;100;26;48;2;60;52;8m▀[0;38;2;184;100;26;48;2;184;100;26m▀[0;38;2;236;154;48;48;2;236;154;48m▀▀[0;38;2;74;42;6;48;2;236;154;48m▀[0;38;2;148;112;42;48;2;74;42;6m▀[0;38;2;106;74;20;48;2;74;42;6m▀[0;38;2;148;112;42;48;2;106;74;20m▀[0;38;2;106;74;20;48;2;148;112;42m▀[0;38;2;148;112;42;48;2;106;74;20m▀[0;38;2;106;74;20;48;2;148;112;42m▀[0;38;2;148;112;42;48;2;74;42;6m▀[0;38;2;74;42;6;48;2;60;52;8m▀[0;38;2;60;52;8;48;2;60;52;8m▀[0;38;2;255;210;122;48;2;255;210;122m▀▀▀[0;38;2;255;210;122;48;2;184;100;26m▀[0;38;2;184;100;26;48;2;255;210;122m▀[0;38;2;255;210;122;48;2;255;210;122m▀[0;38;2;236;154;48;48;2;236;154;48m▀▀▀[0;38;2;74;42;6;48;2;236;154;48m▀▀[0;38;2;236;154;48;48;2;74;42;6m▀[0;38;2;236;154;48;48;2;236;154;48m▀[0;38;2;74;42;6;48;2;184;100;26m▀[0;38;2;106;74;20;48;2;74;42;6m▀[0;38;2;106;74;20;48;2;106;74;20m▀▀[0;38;2;74;42;6;48;2;74;42;6m▀[0;38;2;236;154;48;48;2;236;154;48m▀▀[0;38;2;74;42;6;48;2;74;42;6m▀[0m
[0;38;2;94;60;8;48;2;94;60;8m▀[0;38;2;74;42;6;48;2;74;42;6m▀[0;38;2;236;154;48;48;2;236;154;48m▀▀[0;38;2;74;42;6;48;2;74;42;6m▀[0;38;2;126;90;26;48;2;106;74;20m▀[0;38;2;106;74;20;48;2;106;74;20m▀[0;38;2;106;74;20;48;2;74;42;6m▀▀[0;38;2;106;74;20;48;2;106;74;20m▀▀[0;38;2;60;52;8;48;2;60;52;8m▀[0;38;2;210;194;68;48;2;210;194;68m▀[0;38;2;210;194;68;48;2;156;138;32m▀[0;38;2;60;52;8;48;2;156;138;32m▀[0;38;2;184;100;26;48;2;60;52;8m▀[0;38;2;74;42;6;48;2;106;74;20m▀[0;38;2;236;154;48;48;2;74;42;6m▀[0;38;2;236;154;48;48;2;236;154;48m▀▀[0;38;2;74;42;6;48;2;184;100;26m▀[0;38;2;106;74;20;48;2;74;42;6m▀[0;38;2;148;112;42;48;2;106;74;20m▀[0;38;2;74;42;6;48;2;60;52;8m▀[0;38;2;60;52;8;48;2;156;138;32m▀[0;38;2;246;238;152;48;2;156;138;32m▀[0;38;2;60;52;8;48;2;60;52;8m▀[0;38;2;255;210;122;48;2;255;210;122m▀▀[0;38;2;255;210;122;48;2;184;100;26m▀[0;38;2;184;100;26;48;2;255;210;122m▀[0;38;2;255;210;122;48;2;236;154;48m▀[0;38;2;236;154;48;48;2;236;154;48m▀▀▀▀▀▀[0;38;2;74;42;6;48;2;74;42;6m▀[0;38;2;236;154;48;48;2;236;154;48m▀[0;38;2;184;100;26;48;2;184;100;26m▀[0;38;2;74;42;6;48;2;184;100;26m▀[0;38;2;106;74;20;48;2;74;42;6m▀[0;38;2;106;74;20;48;2;106;74;20m▀[0;38;2;74;42;6;48;2;74;42;6m▀[0;38;2;184;100;26;48;2;236;154;48m▀[0;38;2;184;100;26;48;2;74;42;6m▀[0;38;2;74;42;6;48;2;94;60;8m▀[0m
[0;38;2;94;60;8;48;2;94;60;8m▀[0;38;2;74;42;6;48;2;74;42;6m▀[0;38;2;236;154;48;48;2;236;154;48m▀▀▀[0;38;2;74;42;6;48;2;236;154;48m▀▀[0;38;2;236;154;48;48;2;236;154;48m▀[0;38;2;74;42;6;48;2;74;42;6m▀[0;38;2;106;74;20;48;2;106;74;20m▀▀[0;38;2;60;52;8;48;2;60;52;8m▀[0;38;2;156;138;32;48;2;156;138;32m▀▀[0;38;2;156;138;32;48;2;60;52;8m▀▀[0;38;2;60;52;8;48;2;60;52;8m▀[0;38;2;60;52;8;48;2;246;238;152m▀▀[0;38;2;60;52;8;48;2;156;138;32m▀[0;38;2;60;52;8;48;2;210;194;68m▀▀▀[0;38;2;156;138;32;48;2;60;52;8m▀▀▀[0;38;2;60;52;8;48;2;156;138;32m▀[0;38;2;255;210;122;48;2;236;154;48m▀▀[0;38;2;184;100;26;48;2;184;100;26m▀[0;38;2;236;154;48;48;2;236;154;48m▀▀▀▀▀▀▀▀[0;38;2;74;42;6;48;2;74;42;6m▀[0;38;2;236;154;48;48;2;184;100;26m▀[0;38;2;184;100;26;48;2;184;100;26m▀▀[0;38;2;74;42;6;48;2;74;42;6m▀[0;38;2;74;42;6;48;2;236;154;48m▀[0;38;2;236;154;48;48;2;236;154;48m▀[0;38;2;236;154;48;48;2;74;42;6m▀[0;38;2;74;42;6;48;2;184;132;28m▀[0;38;2;94;60;8;48;2;94;60;8m▀[0m
[0;38;2;94;60;8;48;2;94;60;8m▀[0;38;2;255;224;122;48;2;255;224;122m▀[0;38;2;74;42;6;48;2;94;60;8m▀[0;38;2;74;42;6;48;2;106;74;20m▀[0;38;2;236;154;48;48;2;74;42;6m▀▀▀[0;38;2;74;42;6;48;2;106;74;20m▀[0;38;2;106;74;20;48;2;106;74;20m▀[0;38;2;106;74;20;48;2;126;90;26m▀[0;38;2;60;52;8;48;2;60;52;8m▀[0;38;2;156;138;32;48;2;156;138;32m▀[0;38;2;156;138;32;48;2;60;52;8m▀[0;38;2;60;52;8;48;2;246;238;152m▀[0;38;2;246;238;152;48;2;246;238;152m▀▀▀[0;38;2;156;138;32;48;2;246;238;152m▀[0;38;2;156;138;32;48;2;156;138;32m▀[0;38;2;246;238;152;48;2;246;238;152m▀▀[0;38;2;210;194;68;48;2;210;194;68m▀▀▀▀▀[0;38;2;60;52;8;48;2;210;194;68m▀[0;38;2;156;138;32;48;2;210;194;68m▀[0;38;2;236;154;48;48;2;60;52;8m▀[0;38;2;236;154;48;48;2;236;154;48m▀▀▀▀▀▀▀▀[0;38;2;236;154;48;48;2;184;100;26m▀[0;38;2;74;42;6;48;2;74;42;6m▀[0;38;2;184;100;26;48;2;184;100;26m▀▀▀[0;38;2;74;42;6;48;2;74;42;6m▀[0;38;2;184;100;26;48;2;236;154;48m▀[0;38;2;184;100;26;48;2;74;42;6m▀[0;38;2;74;42;6;48;2;94;60;8m▀[0;38;2;184;132;28;48;2;184;132;28m▀[0;38;2;94;60;8;48;2;94;60;8m▀[0m
[0;38;2;94;60;8;48;2;94;60;8m▀[0;38;2;255;224;122;48;2;255;224;122m▀[0;38;2;94;60;8;48;2;94;60;8m▀[0;38;2;106;74;20;48;2;106;74;20m▀[0;38;2;106;74;20;48;2;255;243;166m▀[0;38;2;106;74;20;48;2;106;74;20m▀▀[0;38;2;106;74;20;48;2;126;90;26m▀[0;38;2;126;90;26;48;2;126;90;26m▀▀[0;38;2;60;52;8;48;2;60;52;8m▀[0;38;2;60;52;8;48;2;210;194;68m▀[0;38;2;60;52;8;48;2;156;138;32m▀▀[0;38;2;60;52;8;48;2;255;246;200m▀[0;38;2;60;52;8;48;2;60;52;8m▀[0;38;2;246;238;152;48;2;246;238;152m▀▀▀[0;38;2;246;238;152;48;2;210;194;68m▀[0;38;2;210;194;68;48;2;210;194;68m▀[0;38;2;210;194;68;48;2;60;52;8m▀[0;38;2;60;52;8;48;2;255;246;200m▀[0;38;2;60;52;8;48;2;156;138;32m▀▀▀[0;38;2;210;194;68;48;2;60;52;8m▀[0;38;2;210;194;68;48;2;210;194;68m▀[0;38;2;156;138;32;48;2;156;138;32m▀[0;38;2;60;52;8;48;2;60;52;8m▀[0;38;2;236;154;48;48;2;236;154;48m▀▀▀▀▀[0;38;2;236;154;48;48;2;184;100;26m▀[0;38;2;184;100;26;48;2;184;100;26m▀▀▀▀▀[0;38;2;184;100;26;48;2;74;42;6m▀[0;38;2;74;42;6;48;2;74;42;6m▀[0;38;2;74;42;6;48;2;106;74;20m▀[0;38;2;106;74;20;48;2;106;74;20m▀[0;38;2;94;60;8;48;2;94;60;8m▀[0;38;2;184;132;28;48;2;184;132;28m▀[0;38;2;94;60;8;48;2;94;60;8m▀[0m
[0;38;2;94;60;8;48;2;94;60;8m▀[0;38;2;255;224;122;48;2;255;224;122m▀[0;38;2;94;60;8;48;2;94;60;8m▀[0;38;2;255;243;166;48;2;106;74;20m▀[0;38;2;255;255;255;48;2;255;243;166m▀[0;38;2;255;243;166;48;2;126;90;26m▀[0;38;2;126;90;26;48;2;126;90;26m▀▀[0;38;2;106;74;20;48;2;106;74;20m▀▀[0;38;2;60;52;8;48;2;60;52;8m▀[0;38;2;210;194;68;48;2;210;194;68m▀[0;38;2;156;138;32;48;2;60;52;8m▀[0;38;2;60;52;8;48;2;60;52;8m▀[0;38;2;60;52;8;48;2;156;138;32m▀[0;38;2;60;52;8;48;2;60;52;8m▀[0;38;2;246;238;152;48;2;210;194;68m▀[0;38;2;210;194;68;48;2;210;194;68m▀▀▀▀[0;38;2;255;246;200;48;2;255;246;200m▀[0;38;2;156;138;32;48;2;156;138;32m▀[0;38;2;255;246;200;48;2;60;52;8m▀[0;38;2;60;52;8;48;2;60;52;8m▀[0;38;2;60;52;8;48;2;156;138;32m▀[0;38;2;60;52;8;48;2;60;52;8m▀[0;38;2;156;138;32;48;2;156;138;32m▀▀[0;38;2;60;52;8;48;2;156;138;32m▀[0;38;2;60;52;8;48;2;60;52;8m▀[0;38;2;60;52;8;48;2;210;194;68m▀[0;38;2;236;154;48;48;2;60;52;8m▀[0;38;2;184;100;26;48;2;60;52;8m▀▀▀▀[0;38;2;184;100;26;48;2;184;100;26m▀▀▀[0;38;2;74;42;6;48;2;74;42;6m▀[0;38;2;74;42;6;48;2;106;74;20m▀[0;38;2;106;74;20;48;2;106;74;20m▀[0;38;2;106;74;20;48;2;255;243;166m▀[0;38;2;255;243;166;48;2;255;255;255m▀[0;38;2;94;60;8;48;2;255;243;166m▀[0;38;2;184;132;28;48;2;184;132;28m▀[0;38;2;94;60;8;48;2;94;60;8m▀[0m
[0;38;2;94;60;8;48;2;94;60;8m▀[0;38;2;255;224;122;48;2;255;224;122m▀[0;38;2;94;60;8;48;2;94;60;8m▀[0;38;2;106;74;20;48;2;126;90;26m▀[0;38;2;126;90;26;48;2;126;90;26m▀▀[0;38;2;106;74;20;48;2;106;74;20m▀▀▀▀[0;38;2;60;52;8;48;2;60;52;8m▀[0;38;2;156;138;32;48;2;210;194;68m▀[0;38;2;60;52;8;48;2;210;194;68m▀▀▀[0;38;2;210;194;68;48;2;210;194;68m▀▀▀▀▀▀▀[0;38;2;60;52;8;48;2;210;194;68m▀▀▀[0;38;2;60;52;8;48;2;156;138;32m▀[0;38;2;156;138;32;48;2;156;138;32m▀▀▀[0;38;2;156;138;32;48;2;60;52;8m▀[0;38;2;60;52;8;48;2;246;238;152m▀[0;38;2;210;194;68;48;2;210;194;68m▀▀▀[0;38;2;210;194;68;48;2;156;138;32m▀▀[0;38;2;210;194;68;48;2;210;194;68m▀[0;38;2;60;52;8;48;2;210;194;68m▀▀[0;38;2;74;42;6;48;2;60;52;8m▀[0;38;2;106;74;20;48;2;106;74;20m▀▀▀▀[0;38;2;255;243;166;48;2;106;74;20m▀[0;38;2;94;60;8;48;2;94;60;8m▀[0;38;2;184;132;28;48;2;184;132;28m▀[0;38;2;94;60;8;48;2;94;60;8m▀[0m
[0;38;2;94;60;8;48;2;94;60;8m▀[0;38;2;255;224;122;48;2;255;224;122m▀[0;38;2;94;60;8;48;2;94;60;8m▀[0;38;2;126;90;26;48;2;126;90;26m▀[0;38;2;106;74;20;48;2;106;74;20m▀▀[0;38;2;255;243;166;48;2;255;255;255m▀[0;38;2;106;74;20;48;2;106;74;20m▀▀▀[0;38;2;60;52;8;48;2;106;74;20m▀[0;38;2;60;52;8;48;2;60;52;8m▀[0;38;2;60;52;8;48;2;210;194;68m▀[0;38;2;210;194;68;48;2;60;52;8m▀▀▀▀▀▀▀▀▀▀[0;38;2;156;138;32;48;2;60;52;8m▀▀▀▀[0;38;2;60;52;8;48;2;156;138;32m▀[0;38;2;156;138;32;48;2;60;52;8m▀[0;38;2;60;52;8;48;2;210;194;68m▀[0;38;2;210;194;68;48;2;210;194;68m▀▀▀▀▀[0;38;2;156;138;32;48;2;210;194;68m▀▀[0;38;2;210;194;68;48;2;210;194;68m▀[0;38;2;210;194;68;48;2;156;138;32m▀[0;38;2;156;138;32;48;2;156;138;32m▀[0;38;2;60;52;8;48;2;156;138;32m▀[0;38;2;106;74;20;48;2;60;52;8m▀[0;38;2;106;74;20;48;2;106;74;20m▀▀▀[0;38;2;94;60;8;48;2;94;60;8m▀[0;38;2;184;132;28;48;2;184;132;28m▀[0;38;2;94;60;8;48;2;94;60;8m▀[0m
[0;38;2;94;60;8;48;2;94;60;8m▀[0;38;2;255;224;122;48;2;255;224;122m▀[0;38;2;94;60;8;48;2;94;60;8m▀[0;38;2;106;74;20;48;2;106;74;20m▀[0;38;2;255;243;166;48;2;106;74;20m▀[0;38;2;255;255;255;48;2;106;74;20m▀[0;38;2;255;255;255;48;2;255;255;255m▀[0;38;2;255;255;255;48;2;106;74;20m▀[0;38;2;255;243;166;48;2;106;74;20m▀[0;38;2;106;74;20;48;2;106;74;20m▀[0;38;2;106;74;20;48;2;126;90;26m▀[0;38;2;126;90;26;48;2;126;90;26m▀[0;38;2;60;52;8;48;2;106;74;20m▀[0;38;2;156;138;32;48;2;60;52;8m▀[0;38;2;210;194;68;48;2;60;52;8m▀[0;38;2;60;52;8;48;2;156;138;32m▀[0;38;2;60;52;8;48;2;60;52;8m▀▀▀[0;38;2;60;52;8;48;2;210;194;68m▀▀▀▀[0;38;2;60;52;8;48;2;60;52;8m▀[0;38;2;60;52;8;48;2;156;138;32m▀[0;38;2;156;138;32;48;2;156;138;32m▀[0;38;2;156;138;32;48;2;60;52;8m▀▀[0;38;2;60;52;8;48;2;210;194;68m▀[0;38;2;210;194;68;48;2;210;194;68m▀▀[0;38;2;156;138;32;48;2;210;194;68m▀[0;38;2;210;194;68;48;2;210;194;68m▀▀▀▀[0;38;2;210;194;68;48;2;156;138;32m▀[0;38;2;156;138;32;48;2;60;52;8m▀[0;38;2;156;138;32;48;2;246;238;152m▀▀[0;38;2;60;52;8;48;2;210;194;68m▀[0;38;2;60;52;8;48;2;60;52;8m▀[0;38;2;106;74;20;48;2;106;74;20m▀[0;38;2;106;74;20;48;2;126;90;26m▀[0;38;2;126;90;26;48;2;126;90;26m▀[0;38;2;94;60;8;48;2;94;60;8m▀[0;38;2;184;132;28;48;2;184;132;28m▀[0;38;2;94;60;8;48;2;94;60;8m▀[0m
[0;38;2;94;60;8;48;2;94;60;8m▀[0;38;2;255;224;122;48;2;255;224;122m▀[0;38;2;94;60;8;48;2;94;60;8m▀[0;38;2;106;74;20;48;2;106;74;20m▀▀▀[0;38;2;255;243;166;48;2;106;74;20m▀[0;38;2;106;74;20;48;2;106;74;20m▀[0;38;2;106;74;20;48;2;126;90;26m▀[0;38;2;126;90;26;48;2;126;90;26m▀[0;38;2;126;90;26;48;2;106;74;20m▀▀[0;38;2;106;74;20;48;2;106;74;20m▀▀▀[0;38;2;60;52;8;48;2;60;52;8m▀[0;38;2;60;52;8;48;2;210;194;68m▀▀[0;38;2;60;52;8;48;2;60;52;8m▀▀▀▀▀[0;38;2;60;52;8;48;2;210;194;68m▀▀▀[0;38;2;210;194;68;48;2;210;194;68m▀▀▀▀▀▀[0;38;2;210;194;68;48;2;156;138;32m▀▀[0;38;2;156;138;32;48;2;156;138;32m▀▀[0;38;2;60;52;8;48;2;60;52;8m▀[0;38;2;246;238;152;48;2;210;194;68m▀▀[0;38;2;210;194;68;48;2;210;194;68m▀▀▀[0;38;2;60;52;8;48;2;60;52;8m▀[0;38;2;126;90;26;48;2;126;90;26m▀[0;38;2;106;74;20;48;2;106;74;20m▀[0;38;2;94;60;8;48;2;94;60;8m▀[0;38;2;184;132;28;48;2;184;132;28m▀[0;38;2;94;60;8;48;2;94;60;8m▀[0m
[0;38;2;94;60;8;48;2;94;60;8m▀[0;38;2;255;224;122;48;2;255;224;122m▀[0;38;2;94;60;8;48;2;94;60;8m▀[0;38;2;106;74;20;48;2;106;74;20m▀▀▀[0;38;2;106;74;20;48;2;126;90;26m▀[0;38;2;126;90;26;48;2;126;90;26m▀[0;38;2;126;90;26;48;2;106;74;20m▀▀[0;38;2;106;74;20;48;2;106;74;20m▀▀▀▀[0;38;2;60;52;8;48;2;60;52;8m▀[0;38;2;246;238;152;48;2;246;238;152m▀[0;38;2;210;194;68;48;2;210;194;68m▀▀▀[0;38;2;156;138;32;48;2;156;138;32m▀[0;38;2;60;52;8;48;2;60;52;8m▀[0;38;2;60;52;8;48;2;106;74;20m▀[0;38;2;210;194;68;48;2;60;52;8m▀▀▀[0;38;2;210;194;68;48;2;156;138;32m▀▀▀[0;38;2;156;138;32;48;2;156;138;32m▀▀▀▀▀▀▀▀[0;38;2;156;138;32;48;2;60;52;8m▀[0;38;2;60;52;8;48;2;60;52;8m▀[0;38;2;210;194;68;48;2;210;194;68m▀▀▀▀[0;38;2;60;52;8;48;2;60;52;8m▀[0;38;2;106;74;20;48;2;106;74;20m▀▀[0;38;2;94;60;8;48;2;94;60;8m▀[0;38;2;184;132;28;48;2;184;132;28m▀[0;38;2;94;60;8;48;2;94;60;8m▀[0m
[0;38;2;94;60;8;48;2;94;60;8m▀[0;38;2;255;224;122;48;2;255;224;122m▀[0;38;2;94;60;8;48;2;94;60;8m▀[0;38;2;106;74;20;48;2;94;60;8m▀▀[0;38;2;126;90;26;48;2;94;60;8m▀▀▀[0;38;2;106;74;20;48;2;94;60;8m▀▀▀▀▀▀[0;38;2;60;52;8;48;2;60;52;8m▀[0;38;2;246;238;152;48;2;210;194;68m▀[0;38;2;210;194;68;48;2;210;194;68m▀▀▀[0;38;2;156;138;32;48;2;60;52;8m▀[0;38;2;60;52;8;48;2;94;60;8m▀[0;38;2;106;74;20;48;2;94;60;8m▀▀[0;38;2;60;52;8;48;2;60;52;8m▀[0;38;2;210;194;68;48;2;210;194;68m▀[0;38;2;60;52;8;48;2;210;194;68m▀▀[0;38;2;60;52;8;48;2;60;52;8m▀[0;38;2;60;52;8;48;2;94;60;8m▀▀▀▀[0;38;2;60;52;8;48;2;60;52;8m▀[0;38;2;60;52;8;48;2;210;194;68m▀▀▀[0;38;2;210;194;68;48;2;210;194;68m▀[0;38;2;60;52;8;48;2;60;52;8m▀[0;38;2;210;194;68;48;2;210;194;68m▀▀▀▀[0;38;2;60;52;8;48;2;60;52;8m▀[0;38;2;106;74;20;48;2;94;60;8m▀▀[0;38;2;94;60;8;48;2;94;60;8m▀[0;38;2;184;132;28;48;2;184;132;28m▀[0;38;2;94;60;8;48;2;94;60;8m▀[0m
[0;38;2;94;60;8;48;2;94;60;8m▀[0;38;2;184;132;28;48;2;94;60;8m▀▀▀▀▀▀▀▀▀▀▀▀▀[0;38;2;60;52;8;48;2;60;52;8m▀[0;38;2;210;194;68;48;2;60;52;8m▀[0;38;2;255;246;200;48;2;60;52;8m▀[0;38;2;210;194;68;48;2;60;52;8m▀[0;38;2;255;246;200;48;2;60;52;8m▀[0;38;2;60;52;8;48;2;60;52;8m▀[0;38;2;184;132;28;48;2;94;60;8m▀▀▀[0;38;2;60;52;8;48;2;94;60;8m▀[0;38;2;210;194;68;48;2;60;52;8m▀▀▀[0;38;2;60;52;8;48;2;60;52;8m▀[0;38;2;184;132;28;48;2;94;60;8m▀▀▀▀▀[0;38;2;60;52;8;48;2;60;52;8m▀[0;38;2;210;194;68;48;2;60;52;8m▀▀[0;38;2;156;138;32;48;2;60;52;8m▀[0;38;2;60;52;8;48;2;94;60;8m▀[0;38;2;210;194;68;48;2;60;52;8m▀[0;38;2;255;246;200;48;2;60;52;8m▀[0;38;2;210;194;68;48;2;60;52;8m▀[0;38;2;255;246;200;48;2;60;52;8m▀[0;38;2;60;52;8;48;2;60;52;8m▀[0;38;2;184;132;28;48;2;94;60;8m▀▀▀▀[0;38;2;94;60;8;48;2;94;60;8m▀[0m
