[0m                   [0;38;2;27;68;36m▄▄▄▄▄[0;38;2;27;68;36;48;2;27;68;36m▀[0;38;2;27;68;36m▀[0m[0m
[0m  [0;38;2;21;64;58m▄[0m            [0;38;2;27;68;36m▄[0;38;2;27;68;36;48;2;166;228;106m▀▀▀[0;38;2;166;228;106;48;2;166;228;106m▀▀[0;38;2;99;189;66;48;2;99;189;66m▀[0;38;2;27;68;36;48;2;27;68;36m▀▀▀[0;38;2;27;68;36;48;2;99;189;66m▀[0;38;2;27;68;36m▄[0m[0m
[0m  [0;38;2;21;64;58;48;2;21;64;58m▀[0;38;2;21;64;58;48;2;93;188;159m▀[0;38;2;21;64;58m▄[0m        [0;38;2;27;68;36m▄[0;38;2;21;64;58;48;2;21;64;58m▀[0;38;2;166;228;106;48;2;21;64;58m▀[0;38;2;166;228;106;48;2;166;228;106m▀▀[0;38;2;166;228;106;48;2;59;138;48m▀[0;38;2;59;138;48;48;2;166;228;106m▀[0;38;2;166;228;106;48;2;166;228;106m▀[0;38;2;99;189;66;48;2;99;189;66m▀▀[0;38;2;99;189;66;48;2;27;68;36m▀[0;38;2;27;68;36;48;2;99;189;66m▀[0;38;2;99;189;66;48;2;99;189;66m▀▀[0;38;2;27;68;36;48;2;59;138;48m▀[0;38;2;27;68;36m▄[0m[0m
[0m  [0;38;2;21;64;58;48;2;21;64;58m▀[0;38;2;93;188;159;48;2;59;143;124m▀[0;38;2;59;143;124;48;2;59;143;124m▀[0;38;2;21;64;58;48;2;59;143;124m▀[0;38;2;21;64;58m▄[0m [0;38;2;21;64;58m▄▄▄[0m [0;38;2;27;68;36;48;2;21;64;58m▀[0;38;2;21;64;58;48;2;59;143;124m▀[0;38;2;59;143;124;48;2;59;143;124m▀[0;38;2;21;64;58;48;2;21;64;58m▀[0;38;2;166;228;106;48;2;166;228;106m▀[0;38;2;166;228;106;48;2;59;138;48m▀[0;38;2;59;138;48;48;2;166;228;106m▀[0;38;2;166;228;106;48;2;99;189;66m▀[0;38;2;99;189;66;48;2;99;189;66m▀▀▀[0;38;2;27;68;36;48;2;99;189;66m▀[0;38;2;99;189;66;48;2;27;68;36m▀[0;38;2;99;189;66;48;2;99;189;66m▀▀[0;38;2;59;138;48;48;2;59;138;48m▀[0;38;2;27;68;36;48;2;27;68;36m▀[0m[0m
[0m [0;38;2;21;64;58;48;2;21;64;58m▀[0;38;2;59;143;124;48;2;59;143;124m▀[0;38;2;59;143;124;48;2;21;64;58m▀▀[0;38;2;21;64;58;48;2;158;230;200m▀▀[0;38;2;21;64;58;48;2;47;120;102m▀[0;38;2;158;230;200;48;2;47;120;102m▀[0;38;2;158;230;200;48;2;158;230;200m▀[0;38;2;93;188;159;48;2;93;188;159m▀[0;38;2;21;64;58;48;2;93;188;159m▀▀▀▀[0;38;2;47;120;102;48;2;21;64;58m▀[0;38;2;99;189;66;48;2;99;189;66m▀[0;38;2;59;138;48;48;2;59;138;48m▀[0;38;2;99;189;66;48;2;99;189;66m▀▀▀▀▀▀[0;38;2;27;68;36;48;2;27;68;36m▀[0;38;2;99;189;66;48;2;59;138;48m▀[0;38;2;59;138;48;48;2;59;138;48m▀▀▀[0;38;2;27;68;36;48;2;27;68;36m▀[0m[0m
[0m [0;38;2;21;64;58;48;2;21;64;58m▀▀[0;38;2;158;230;200;48;2;21;64;58m▀▀▀[0;38;2;158;230;200;48;2;158;230;200m▀▀[0;38;2;47;120;102;48;2;158;230;200m▀[0;38;2;158;230;200;48;2;93;188;159m▀[0;38;2;93;188;159;48;2;93;188;159m▀[0;38;2;93;188;159;48;2;21;64;58m▀▀▀[0;38;2;93;188;159;48;2;93;188;159m▀▀[0;38;2;21;64;58;48;2;59;143;124m▀[0;38;2;59;138;48;48;2;21;64;58m▀[0;38;2;99;189;66;48;2;99;189;66m▀▀▀▀▀[0;38;2;99;189;66;48;2;59;138;48m▀[0;38;2;27;68;36;48;2;27;68;36m▀[0;38;2;59;138;48;48;2;59;138;48m▀▀▀[0;38;2;27;68;36;48;2;27;68;36m▀[0m[0m
[0m [0;38;2;21;64;58;48;2;21;64;58m▀[0;38;2;158;230;200;48;2;93;188;159m▀[0;38;2;220;52;64;48;2;122;20;32m▀[0;38;2;255;255;255;48;2;220;52;64m▀[0;38;2;21;64;58;48;2;21;64;58m▀[0;38;2;158;230;200;48;2;93;188;159m▀▀[0;38;2;93;188;159;48;2;93;188;159m▀▀[0;38;2;21;64;58;48;2;255;255;255m▀[0;38;2;255;255;255;48;2;220;52;64m▀[0;38;2;220;52;64;48;2;122;20;32m▀[0;38;2;21;64;58;48;2;47;120;102m▀[0;38;2;93;188;159;48;2;93;188;159m▀▀[0;38;2;59;143;124;48;2;59;143;124m▀▀[0;38;2;21;64;58;48;2;21;64;58m▀[0;38;2;99;189;66;48;2;21;64;58m▀▀▀[0;38;2;59;138;48;48;2;21;64;58m▀[0;38;2;59;138;48;48;2;59;138;48m▀▀▀▀[0;38;2;59;138;48;48;2;27;68;36m▀[0;38;2;27;68;36m▀[0m[0m
[0m [0;38;2;59;143;124;48;2;21;64;58m▀[0;38;2;93;188;159;48;2;93;188;159m▀[0;38;2;21;64;58;48;2;93;188;159m▀▀[0;38;2;93;188;159;48;2;93;188;159m▀▀▀▀▀▀[0;38;2;21;64;58;48;2;93;188;159m▀▀[0;38;2;93;188;159;48;2;93;188;159m▀[0;38;2;93;188;159;48;2;59;143;124m▀[0;38;2;59;143;124;48;2;59;143;124m▀▀▀[0;38;2;21;64;58;48;2;21;64;58m▀[0;38;2;93;188;159;48;2;93;188;159m▀▀▀▀[0;38;2;21;64;58;48;2;93;188;159m▀▀[0;38;2;59;138;48;48;2;21;64;58m▀[0;38;2;27;68;36;48;2;21;64;58m▀[0m[0m
[0m [0;38;2;21;64;58m▀[0;38;2;21;64;58;48;2;21;64;58m▀[0;38;2;93;188;159;48;2;21;64;58m▀▀▀▀▀▀▀▀▀[0;38;2;59;143;124;48;2;21;64;58m▀[0;38;2;21;64;58;48;2;59;143;124m▀[0;38;2;59;143;124;48;2;59;143;124m▀▀▀[0;38;2;21;64;58;48;2;21;64;58m▀[0;38;2;93;188;159;48;2;93;188;159m▀▀[0;38;2;47;120;102;48;2;93;188;159m▀[0;38;2;47;120;102;48;2;47;120;102m▀[0;38;2;93;188;159;48;2;93;188;159m▀▀▀[0;38;2;93;188;159;48;2;59;143;124m▀[0;38;2;59;143;124;48;2;59;143;124m▀[0;38;2;21;64;58;48;2;21;64;58m▀[0m[0m
[0m   [0;38;2;21;64;58m▀[0;38;2;59;143;124;48;2;21;64;58m▀[0;38;2;21;64;58;48;2;21;64;58m▀[0;38;2;156;47;69;48;2;21;64;58m▀[0;38;2;156;47;69;48;2;238;134;152m▀▀[0;38;2;156;47;69;48;2;21;64;58m▀[0;38;2;21;64;58;48;2;59;143;124m▀[0;38;2;59;143;124;48;2;59;143;124m▀▀[0;38;2;59;143;124;48;2;21;64;58m▀▀[0;38;2;21;64;58;48;2;93;188;159m▀▀[0;38;2;93;188;159;48;2;93;188;159m▀▀▀▀▀▀[0;38;2;93;188;159;48;2;59;143;124m▀[0;38;2;47;120;102;48;2;21;64;58m▀[0;38;2;47;120;102;48;2;158;230;200m▀[0;38;2;21;64;58;48;2;93;188;159m▀▀[0;38;2;21;64;58;48;2;21;64;58m▀[0m[0m
[0m     [0;38;2;21;64;58;48;2;21;64;58m▀[0;38;2;21;64;58;48;2;93;188;159m▀▀▀[0;38;2;21;64;58;48;2;59;143;124m▀[0;38;2;21;64;58;48;2;21;64;58m▀▀[0;38;2;21;64;58;48;2;93;188;159m▀[0;38;2;93;188;159;48;2;93;188;159m▀▀▀▀[0;38;2;93;188;159;48;2;59;143;124m▀▀▀▀[0;38;2;59;143;124;48;2;59;143;124m▀▀▀[0;38;2;21;64;58;48;2;21;64;58m▀[0;38;2;93;188;159;48;2;93;188;159m▀▀▀[0;38;2;21;64;58;48;2;21;64;58m▀[0m[0m
[0m    [0;38;2;21;64;58m▄[0;38;2;21;64;58;48;2;158;230;200m▀[0;38;2;93;188;159;48;2;93;188;159m▀▀▀[0;38;2;21;64;58;48;2;21;64;58m▀[0m  [0;38;2;21;64;58;48;2;21;64;58m▀[0;38;2;21;64;58;48;2;93;188;159m▀[0;38;2;59;143;124;48;2;21;64;58m▀▀▀▀▀▀▀▀▀[0;38;2;21;64;58;48;2;93;188;159m▀[0;38;2;21;64;58;48;2;21;64;58m▀[0;38;2;93;188;159;48;2;93;188;159m▀▀▀▀[0;38;2;21;64;58;48;2;21;64;58m▀[0m[0m
[0m    [0;38;2;21;64;58;48;2;21;64;58m▀[0;38;2;93;188;159;48;2;243;240;220m▀[0;38;2;93;188;159;48;2;93;188;159m▀[0;38;2;93;188;159;48;2;243;240;220m▀[0;38;2;59;143;124;48;2;59;143;124m▀[0;38;2;21;64;58;48;2;21;64;58m▀[0m  [0;38;2;21;64;58;48;2;21;64;58m▀[0;38;2;93;188;159;48;2;93;188;159m▀▀[0;38;2;93;188;159;48;2;59;143;124m▀[0;38;2;21;64;58;48;2;21;64;58m▀[0m   [0;38;2;21;64;58m▀[0;38;2;93;188;159;48;2;21;64;58m▀[0;38;2;93;188;159;48;2;93;188;159m▀[0;38;2;93;188;159;48;2;59;143;124m▀[0;38;2;21;64;58;48;2;21;64;58m▀[0;38;2;93;188;159;48;2;21;64;58m▀[0;38;2;93;188;159;48;2;243;240;220m▀[0;38;2;93;188;159;48;2;93;188;159m▀[0;38;2;93;188;159;48;2;243;240;220m▀[0;38;2;21;64;58;48;2;21;64;58m▀[0m[0m
[0m     [0;38;2;21;64;58m▀▀▀▀[0m    [0;38;2;21;64;58m▀▀▀[0m     [0;38;2;21;64;58m▀▀▀[0m [0;38;2;21;64;58m▀▀▀▀[0m[0m
