[0;38;2;255;240;176;48;2;255;240;176m▀▀▀▀[0;38;2;246;227;154;48;2;255;240;176m▀▀▀▀▀[0;38;2;246;227;154;48;2;246;227;154m▀▀[0;38;2;255;240;176;48;2;246;227;154m▀[0;38;2;255;240;176;48;2;255;240;176m▀[0;38;2;255;240;176;48;2;246;227;154m▀[0;38;2;255;240;176;48;2;255;240;176m▀▀[0;38;2;255;240;176;48;2;255;251;226m▀▀▀▀▀[0;38;2;255;240;176;48;2;143;207;94m▀[0;38;2;255;240;176;48;2;79;148;70m▀[0;38;2;255;240;176;48;2;255;240;176m▀[0;38;2;246;227;154;48;2;255;240;176m▀[0;38;2;255;240;176;48;2;255;240;176m▀▀[0;38;2;255;240;176;48;2;246;227;154m▀▀▀▀[0;38;2;246;227;154;48;2;246;227;154m▀▀▀▀▀▀▀▀▀▀▀▀▀▀▀▀▀[0m
[0;38;2;255;240;176;48;2;255;240;176m▀▀▀▀▀▀[0;38;2;255;240;176;48;2;62;53;16m▀▀▀▀▀▀▀[0;38;2;255;255;255;48;2;255;240;176m▀[0;38;2;255;240;176;48;2;255;240;176m▀[0;38;2;255;251;226;48;2;255;251;226m▀▀▀▀▀▀▀[0;38;2;255;240;176;48;2;255;240;176m▀▀[0;38;2;246;227;154;48;2;255;240;176m▀▀▀[0;38;2;246;227;154;48;2;255;255;255m▀[0;38;2;246;227;154;48;2;255;240;176m▀▀[0;38;2;246;227;154;48;2;62;53;16m▀▀▀▀▀▀▀▀[0;38;2;255;240;176;48;2;255;240;176m▀▀[0;38;2;255;240;176;48;2;62;53;16m▀[0;38;2;62;53;16;48;2;205;180;60m▀▀▀▀[0;38;2;255;240;176;48;2;62;53;16m▀[0;38;2;255;240;176;48;2;255;240;176m▀▀[0m
[0;38;2;255;240;176;48;2;255;240;176m▀▀[0;38;2;255;240;176;48;2;246;227;154m▀[0;38;2;255;240;176;48;2;62;53;16m▀[0;38;2;62;53;16;48;2;205;180;60m▀▀[0;38;2;205;180;60;48;2;205;180;60m▀[0;38;2;205;180;60;48;2;62;53;16m▀[0;38;2;154;130;40;48;2;62;53;16m▀[0;38;2;205;180;60;48;2;205;180;60m▀▀▀▀[0;38;2;62;53;16;48;2;205;180;60m▀[0;38;2;62;53;16;48;2;154;130;40m▀[0;38;2;255;251;226;48;2;62;53;16m▀▀[0;38;2;255;251;226;48;2;255;251;226m▀▀▀▀[0;38;2;255;251;226;48;2;255;240;176m▀[0;38;2;255;240;176;48;2;255;240;176m▀▀[0;38;2;246;227;154;48;2;255;240;176m▀[0;38;2;246;227;154;48;2;246;227;154m▀[0;38;2;255;240;176;48;2;62;53;16m▀▀[0;38;2;62;53;16;48;2;242;226;126m▀▀[0;38;2;242;226;126;48;2;242;226;126m▀▀[0;38;2;242;226;126;48;2;154;130;40m▀[0;38;2;154;130;40;48;2;205;180;60m▀[0;38;2;62;53;16;48;2;62;53;16m▀▀[0;38;2;154;130;40;48;2;154;130;40m▀[0;38;2;62;53;16;48;2;62;53;16m▀[0;38;2;62;53;16;48;2;205;180;60m▀[0;38;2;255;240;176;48;2;62;53;16m▀[0;38;2;255;240;176;48;2;255;240;176m▀[0;38;2;62;53;16;48;2;255;240;176m▀▀[0;38;2;205;180;60;48;2;62;53;16m▀[0;38;2;205;180;60;48;2;154;130;40m▀▀[0;38;2;62;53;16;48;2;62;53;16m▀[0;38;2;255;240;176;48;2;255;240;176m▀[0m
[0;38;2;246;227;154;48;2;246;227;154m▀▀[0;38;2;62;53;16;48;2;62;53;16m▀[0;38;2;205;180;60;48;2;205;180;60m▀[0;38;2;154;130;40;48;2;154;130;40m▀[0;38;2;205;180;60;48;2;62;53;16m▀[0;38;2;62;53;16;48;2;255;240;176m▀[0;38;2;246;227;154;48;2;255;240;176m▀▀[0;38;2;62;53;16;48;2;255;240;176m▀▀[0;38;2;154;130;40;48;2;44;69;20m▀[0;38;2;44;69;20;48;2;226;243;156m▀[0;38;2;154;130;40;48;2;44;69;20m▀[0;38;2;154;130;40;48;2;154;130;40m▀[0;38;2;205;180;60;48;2;205;180;60m▀▀[0;38;2;62;53;16;48;2;205;180;60m▀[0;38;2;255;240;176;48;2;62;53;16m▀▀[0;38;2;255;240;176;48;2;255;240;176m▀[0;38;2;255;240;176;48;2;246;227;154m▀[0;38;2;255;240;176;48;2;255;240;176m▀[0;38;2;255;240;176;48;2;246;227;154m▀[0;38;2;255;240;176;48;2;62;53;16m▀[0;38;2;62;53;16;48;2;44;69;20m▀[0;38;2;44;69;20;48;2;44;69;20m▀[0;38;2;242;226;126;48;2;242;226;126m▀▀▀[0;38;2;242;226;126;48;2;154;130;40m▀[0;38;2;154;130;40;48;2;242;226;126m▀[0;38;2;242;226;126;48;2;242;226;126m▀[0;38;2;205;180;60;48;2;205;180;60m▀▀▀[0;38;2;62;53;16;48;2;205;180;60m▀▀[0;38;2;205;180;60;48;2;62;53;16m▀[0;38;2;205;180;60;48;2;205;180;60m▀[0;38;2;62;53;16;48;2;154;130;40m▀[0;38;2;255;240;176;48;2;62;53;16m▀[0;38;2;255;240;176;48;2;246;227;154m▀▀[0;38;2;62;53;16;48;2;62;53;16m▀[0;38;2;205;180;60;48;2;205;180;60m▀▀[0;38;2;62;53;16;48;2;62;53;16m▀[0m
[0;38;2;246;227;154;48;2;255;240;176m▀[0;38;2;62;53;16;48;2;62;53;16m▀[0;38;2;205;180;60;48;2;205;180;60m▀▀[0;38;2;62;53;16;48;2;62;53;16m▀[0;38;2;255;240;176;48;2;255;240;176m▀▀[0;38;2;255;240;176;48;2;62;53;16m▀▀[0;38;2;246;227;154;48;2;246;227;154m▀▀[0;38;2;44;69;20;48;2;44;69;20m▀[0;38;2;178;212;90;48;2;178;212;90m▀[0;38;2;178;212;90;48;2;134;173;60m▀[0;38;2;44;69;20;48;2;134;173;60m▀[0;38;2;154;130;40;48;2;44;69;20m▀[0;38;2;62;53;16;48;2;255;240;176m▀[0;38;2;205;180;60;48;2;62;53;16m▀[0;38;2;205;180;60;48;2;205;180;60m▀▀[0;38;2;62;53;16;48;2;154;130;40m▀[0;38;2;255;240;176;48;2;62;53;16m▀[0;38;2;255;240;176;48;2;246;227;154m▀[0;38;2;62;53;16;48;2;44;69;20m▀[0;38;2;44;69;20;48;2;134;173;60m▀[0;38;2;226;243;156;48;2;134;173;60m▀[0;38;2;44;69;20;48;2;44;69;20m▀[0;38;2;242;226;126;48;2;242;226;126m▀▀[0;38;2;242;226;126;48;2;154;130;40m▀[0;38;2;154;130;40;48;2;242;226;126m▀[0;38;2;242;226;126;48;2;205;180;60m▀[0;38;2;205;180;60;48;2;205;180;60m▀▀▀▀▀▀[0;38;2;62;53;16;48;2;62;53;16m▀[0;38;2;205;180;60;48;2;205;180;60m▀[0;38;2;154;130;40;48;2;154;130;40m▀[0;38;2;62;53;16;48;2;154;130;40m▀[0;38;2;246;227;154;48;2;62;53;16m▀[0;38;2;246;227;154;48;2;246;227;154m▀[0;38;2;62;53;16;48;2;62;53;16m▀[0;38;2;154;130;40;48;2;205;180;60m▀[0;38;2;154;130;40;48;2;62;53;16m▀[0;38;2;62;53;16;48;2;246;227;154m▀[0m
[0;38;2;255;240;176;48;2;255;240;176m▀[0;38;2;62;53;16;48;2;62;53;16m▀[0;38;2;205;180;60;48;2;205;180;60m▀▀▀[0;38;2;62;53;16;48;2;205;180;60m▀▀[0;38;2;205;180;60;48;2;205;180;60m▀[0;38;2;62;53;16;48;2;62;53;16m▀[0;38;2;246;227;154;48;2;255;240;176m▀[0;38;2;255;240;176;48;2;255;240;176m▀[0;38;2;44;69;20;48;2;44;69;20m▀[0;38;2;134;173;60;48;2;134;173;60m▀▀[0;38;2;134;173;60;48;2;44;69;20m▀▀[0;38;2;44;69;20;48;2;44;69;20m▀[0;38;2;44;69;20;48;2;226;243;156m▀▀[0;38;2;44;69;20;48;2;79;154;126m▀[0;38;2;44;69;20;48;2;178;212;90m▀▀▀[0;38;2;134;173;60;48;2;44;69;20m▀▀▀[0;38;2;44;69;20;48;2;79;154;126m▀[0;38;2;242;226;126;48;2;205;180;60m▀▀[0;38;2;154;130;40;48;2;154;130;40m▀[0;38;2;205;180;60;48;2;205;180;60m▀▀▀▀▀▀▀▀[0;38;2;62;53;16;48;2;62;53;16m▀[0;38;2;205;180;60;48;2;154;130;40m▀[0;38;2;154;130;40;48;2;154;130;40m▀▀[0;38;2;62;53;16;48;2;62;53;16m▀[0;38;2;62;53;16;48;2;205;180;60m▀[0;38;2;205;180;60;48;2;205;180;60m▀[0;38;2;205;180;60;48;2;62;53;16m▀[0;38;2;62;53;16;48;2;246;227;154m▀[0;38;2;246;227;154;48;2;246;227;154m▀[0m
[0;38;2;246;227;154;48;2;226;226;154m▀▀[0;38;2;62;53;16;48;2;226;226;154m▀▀[0;38;2;205;180;60;48;2;62;53;16m▀▀▀[0;38;2;62;53;16;48;2;246;227;154m▀[0;38;2;246;227;154;48;2;246;227;154m▀▀[0;38;2;44;69;20;48;2;44;69;20m▀[0;38;2;134;173;60;48;2;134;173;60m▀[0;38;2;134;173;60;48;2;44;69;20m▀[0;38;2;44;69;20;48;2;226;243;156m▀[0;38;2;226;243;156;48;2;226;243;156m▀▀▀[0;38;2;79;154;126;48;2;226;243;156m▀[0;38;2;79;154;126;48;2;79;154;126m▀[0;38;2;226;243;156;48;2;226;243;156m▀▀[0;38;2;178;212;90;48;2;178;212;90m▀▀▀▀▀[0;38;2;44;69;20;48;2;178;212;90m▀[0;38;2;79;154;126;48;2;178;212;90m▀[0;38;2;205;180;60;48;2;44;69;20m▀[0;38;2;205;180;60;48;2;205;180;60m▀▀▀▀▀▀▀▀[0;38;2;205;180;60;48;2;154;130;40m▀[0;38;2;62;53;16;48;2;62;53;16m▀[0;38;2;154;130;40;48;2;154;130;40m▀▀▀[0;38;2;62;53;16;48;2;62;53;16m▀[0;38;2;154;130;40;48;2;205;180;60m▀[0;38;2;154;130;40;48;2;62;53;16m▀[0;38;2;62;53;16;48;2;246;227;154m▀[0;38;2;226;226;154;48;2;226;226;154m▀▀[0m
[0;38;2;226;226;154;48;2;226;226;154m▀▀▀▀[0;38;2;226;226;154;48;2;246;227;154m▀[0;38;2;246;227;154;48;2;246;227;154m▀▀▀▀[0;38;2;246;227;154;48;2;226;226;154m▀[0;38;2;44;69;20;48;2;44;69;20m▀[0;38;2;44;69;20;48;2;178;212;90m▀[0;38;2;44;69;20;48;2;240;122;34m▀▀[0;38;2;44;69;20;48;2;255;255;255m▀[0;38;2;44;69;20;48;2;44;69;20m▀[0;38;2;226;243;156;48;2;226;243;156m▀▀▀[0;38;2;226;243;156;48;2;178;212;90m▀[0;38;2;178;212;90;48;2;178;212;90m▀[0;38;2;178;212;90;48;2;44;69;20m▀[0;38;2;44;69;20;48;2;255;255;255m▀[0;38;2;44;69;20;48;2;240;122;34m▀▀▀[0;38;2;178;212;90;48;2;44;69;20m▀[0;38;2;178;212;90;48;2;178;212;90m▀[0;38;2;134;173;60;48;2;134;173;60m▀[0;38;2;44;69;20;48;2;44;69;20m▀[0;38;2;205;180;60;48;2;205;180;60m▀▀▀▀▀[0;38;2;205;180;60;48;2;154;130;40m▀[0;38;2;154;130;40;48;2;154;130;40m▀▀▀▀▀[0;38;2;154;130;40;48;2;62;53;16m▀[0;38;2;62;53;16;48;2;62;53;16m▀[0;38;2;62;53;16;48;2;246;227;154m▀[0;38;2;246;227;154;48;2;246;227;154m▀[0;38;2;246;227;154;48;2;143;207;94m▀[0;38;2;226;226;154;48;2;79;148;70m▀[0;38;2;226;226;154;48;2;226;226;154m▀[0m
[0;38;2;226;226;154;48;2;226;226;154m▀▀[0;38;2;226;226;154;48;2;246;227;154m▀[0;38;2;246;227;154;48;2;246;227;154m▀▀▀▀[0;38;2;246;227;154;48;2;226;226;154m▀[0;38;2;226;226;154;48;2;226;226;154m▀▀[0;38;2;44;69;20;48;2;44;69;20m▀[0;38;2;178;212;90;48;2;178;212;90m▀[0;38;2;240;122;34;48;2;138;58;14m▀[0;38;2;138;58;14;48;2;138;58;14m▀[0;38;2;138;58;14;48;2;240;122;34m▀[0;38;2;44;69;20;48;2;44;69;20m▀[0;38;2;226;243;156;48;2;178;212;90m▀[0;38;2;178;212;90;48;2;178;212;90m▀▀▀▀[0;38;2;255;255;255;48;2;255;255;255m▀[0;38;2;240;122;34;48;2;240;122;34m▀[0;38;2;255;255;255;48;2;138;58;14m▀[0;38;2;138;58;14;48;2;138;58;14m▀[0;38;2;138;58;14;48;2;240;122;34m▀[0;38;2;44;69;20;48;2;44;69;20m▀[0;38;2;134;173;60;48;2;134;173;60m▀[0;38;2;134;173;60;48;2;79;154;126m▀[0;38;2;44;69;20;48;2;134;173;60m▀[0;38;2;44;69;20;48;2;44;69;20m▀[0;38;2;44;69;20;48;2;178;212;90m▀[0;38;2;205;180;60;48;2;44;69;20m▀[0;38;2;154;130;40;48;2;44;69;20m▀▀▀▀[0;38;2;154;130;40;48;2;154;130;40m▀▀▀[0;38;2;62;53;16;48;2;62;53;16m▀[0;38;2;62;53;16;48;2;226;226;154m▀[0;38;2;246;227;154;48;2;226;226;154m▀[0;38;2;246;227;154;48;2;246;227;154m▀[0;38;2;246;227;154;48;2;226;226;154m▀[0;38;2;226;226;154;48;2;226;226;154m▀▀▀[0m
[0;38;2;226;226;154;48;2;246;227;154m▀[0;38;2;246;227;154;48;2;246;227;154m▀▀▀[0;38;2;143;207;94;48;2;246;227;154m▀[0;38;2;79;148;70;48;2;246;227;154m▀[0;38;2;226;226;154;48;2;226;226;154m▀[0;38;2;226;226;154;48;2;143;207;94m▀[0;38;2;143;207;94;48;2;140;191;124m▀[0;38;2;226;226;154;48;2;143;207;94m▀[0;38;2;44;69;20;48;2;44;69;20m▀[0;38;2;134;173;60;48;2;178;212;90m▀[0;38;2;44;69;20;48;2;178;212;90m▀▀▀[0;38;2;178;212;90;48;2;178;212;90m▀▀▀▀▀▀▀[0;38;2;44;69;20;48;2;178;212;90m▀▀▀[0;38;2;44;69;20;48;2;134;173;60m▀[0;38;2;134;173;60;48;2;134;173;60m▀▀▀[0;38;2;134;173;60;48;2;44;69;20m▀[0;38;2;44;69;20;48;2;226;243;156m▀[0;38;2;178;212;90;48;2;178;212;90m▀▀▀[0;38;2;178;212;90;48;2;79;154;126m▀▀[0;38;2;178;212;90;48;2;178;212;90m▀[0;38;2;44;69;20;48;2;178;212;90m▀▀[0;38;2;62;53;16;48;2;44;69;20m▀[0;38;2;44;90;51;48;2;226;226;154m▀[0;38;2;226;226;154;48;2;44;90;51m▀[0;38;2;143;207;94;48;2;44;90;51m▀[0;38;2;226;226;154;48;2;143;207;94m▀[0;38;2;226;226;154;48;2;226;226;154m▀▀▀[0;38;2;255;255;255;48;2;226;226;154m▀[0m
[0;38;2;191;216;150;48;2;191;216;150m▀▀▀▀▀▀[0;38;2;191;216;150;48;2;143;207;94m▀[0;38;2;140;191;124;48;2;140;191;124m▀▀▀[0;38;2;44;69;20;48;2;143;207;94m▀[0;38;2;44;69;20;48;2;44;69;20m▀[0;38;2;44;69;20;48;2;178;212;90m▀[0;38;2;178;212;90;48;2;44;69;20m▀▀▀▀▀▀▀▀▀▀[0;38;2;134;173;60;48;2;44;69;20m▀▀▀▀[0;38;2;44;69;20;48;2;134;173;60m▀[0;38;2;134;173;60;48;2;44;69;20m▀[0;38;2;44;69;20;48;2;178;212;90m▀[0;38;2;178;212;90;48;2;178;212;90m▀▀▀▀▀[0;38;2;79;154;126;48;2;178;212;90m▀▀[0;38;2;178;212;90;48;2;178;212;90m▀[0;38;2;178;212;90;48;2;134;173;60m▀[0;38;2;134;173;60;48;2;134;173;60m▀[0;38;2;44;69;20;48;2;134;173;60m▀[0;38;2;44;90;51;48;2;44;69;20m▀[0;38;2;93;154;90;48;2;93;154;90m▀[0;38;2;44;90;51;48;2;93;154;90m▀[0;38;2;44;90;51;48;2;79;148;70m▀[0;38;2;143;207;94;48;2;44;90;51m▀▀[0;38;2;191;216;150;48;2;191;216;150m▀[0m
[0;38;2;143;207;94;48;2;140;191;124m▀[0;38;2;191;216;150;48;2;143;207;94m▀[0;38;2;143;207;94;48;2;140;191;124m▀▀[0;38;2;191;216;150;48;2;44;90;51m▀▀[0;38;2;140;191;124;48;2;44;90;51m▀▀▀[0;38;2;44;90;51;48;2;44;90;51m▀[0;38;2;44;90;51;48;2;93;154;90m▀[0;38;2;140;191;124;48;2;140;191;124m▀[0;38;2;44;69;20;48;2;140;191;124m▀[0;38;2;134;173;60;48;2;44;69;20m▀[0;38;2;178;212;90;48;2;44;69;20m▀[0;38;2;44;69;20;48;2;134;173;60m▀[0;38;2;156;47;69;48;2;44;69;20m▀[0;38;2;156;47;69;48;2;156;47;69m▀▀[0;38;2;156;47;69;48;2;238;134;152m▀▀▀▀[0;38;2;156;47;69;48;2;44;69;20m▀[0;38;2;44;69;20;48;2;134;173;60m▀[0;38;2;134;173;60;48;2;134;173;60m▀[0;38;2;134;173;60;48;2;44;69;20m▀▀[0;38;2;44;69;20;48;2;178;212;90m▀[0;38;2;178;212;90;48;2;178;212;90m▀▀[0;38;2;79;154;126;48;2;178;212;90m▀[0;38;2;178;212;90;48;2;178;212;90m▀▀▀▀[0;38;2;178;212;90;48;2;134;173;60m▀[0;38;2;134;173;60;48;2;44;69;20m▀[0;38;2;79;154;126;48;2;226;243;156m▀▀[0;38;2;44;69;20;48;2;178;212;90m▀[0;38;2;44;69;20;48;2;44;69;20m▀[0;38;2;143;207;94;48;2;44;90;51m▀[0;38;2;93;154;90;48;2;143;207;94m▀[0;38;2;93;154;90;48;2;93;154;90m▀[0;38;2;79;148;70;48;2;79;148;70m▀▀[0;38;2;44;90;51;48;2;44;90;51m▀[0m
[0;38;2;93;154;90;48;2;44;90;51m▀[0;38;2;140;191;124;48;2;44;90;51m▀[0;38;2;44;90;51;48;2;143;207;94m▀▀[0;38;2;143;207;94;48;2;143;207;94m▀[0;38;2;143;207;94;48;2;93;154;90m▀▀[0;38;2;93;154;90;48;2;79;148;70m▀[0;38;2;93;154;90;48;2;44;90;51m▀[0;38;2;44;90;51;48;2;140;191;124m▀[0;38;2;140;191;124;48;2;140;191;124m▀▀▀▀[0;38;2;143;207;94;48;2;140;191;124m▀[0;38;2;44;69;20;48;2;44;69;20m▀[0;38;2;44;69;20;48;2;178;212;90m▀▀[0;38;2;44;69;20;48;2;44;69;20m▀▀▀▀▀[0;38;2;44;69;20;48;2;178;212;90m▀▀▀[0;38;2;178;212;90;48;2;178;212;90m▀▀▀▀▀▀[0;38;2;178;212;90;48;2;134;173;60m▀▀[0;38;2;134;173;60;48;2;134;173;60m▀▀[0;38;2;44;69;20;48;2;44;69;20m▀[0;38;2;226;243;156;48;2;178;212;90m▀▀[0;38;2;178;212;90;48;2;178;212;90m▀▀▀[0;38;2;44;69;20;48;2;44;69;20m▀[0;38;2;143;207;94;48;2;44;90;51m▀[0;38;2;143;207;94;48;2;143;207;94m▀[0;38;2;93;154;90;48;2;143;207;94m▀[0;38;2;79;148;70;48;2;93;154;90m▀[0;38;2;44;90;51;48;2;44;90;51m▀[0m
[0;38;2;44;90;51;48;2;44;90;51m▀[0;38;2;143;207;94;48;2;143;207;94m▀▀[0;38;2;143;207;94;48;2;93;154;90m▀[0;38;2;93;154;90;48;2;79;148;70m▀▀[0;38;2;79;148;70;48;2;79;148;70m▀[0;38;2;79;148;70;48;2;44;90;51m▀[0;38;2;44;90;51;48;2;106;168;74m▀[0;38;2;106;168;74;48;2;143;207;94m▀[0;38;2;140;191;124;48;2;106;168;74m▀▀[0;38;2;106;168;74;48;2;106;168;74m▀[0;38;2;140;191;124;48;2;143;207;94m▀[0;38;2;44;69;20;48;2;44;69;20m▀[0;38;2;226;243;156;48;2;226;243;156m▀[0;38;2;178;212;90;48;2;178;212;90m▀▀▀[0;38;2;134;173;60;48;2;134;173;60m▀[0;38;2;44;69;20;48;2;44;69;20m▀[0;38;2;44;69;20;48;2;143;207;94m▀[0;38;2;178;212;90;48;2;44;69;20m▀▀▀[0;38;2;178;212;90;48;2;134;173;60m▀▀▀[0;38;2;134;173;60;48;2;134;173;60m▀▀▀▀▀▀▀▀[0;38;2;134;173;60;48;2;44;69;20m▀[0;38;2;44;69;20;48;2;44;69;20m▀[0;38;2;178;212;90;48;2;178;212;90m▀▀▀▀[0;38;2;44;69;20;48;2;44;69;20m▀[0;38;2;44;90;51;48;2;106;168;74m▀[0;38;2;143;207;94;48;2;44;90;51m▀[0;38;2;143;207;94;48;2;143;207;94m▀[0;38;2;93;154;90;48;2;143;207;94m▀[0;38;2;44;90;51;48;2;44;90;51m▀[0m
[0;38;2;44;90;51;48;2;44;90;51m▀[0;38;2;93;154;90;48;2;93;154;90m▀[0;38;2;93;154;90;48;2;79;148;70m▀[0;38;2;79;148;70;48;2;79;148;70m▀▀[0;38;2;79;148;70;48;2;44;90;51m▀[0;38;2;44;90;51;48;2;106;168;74m▀[0;38;2;106;168;74;48;2;106;168;74m▀▀▀▀▀▀▀[0;38;2;44;69;20;48;2;44;69;20m▀[0;38;2;226;243;156;48;2;178;212;90m▀[0;38;2;178;212;90;48;2;178;212;90m▀▀▀[0;38;2;134;173;60;48;2;44;69;20m▀[0;38;2;44;69;20;48;2;106;168;74m▀[0;38;2;106;168;74;48;2;106;168;74m▀▀[0;38;2;44;69;20;48;2;44;69;20m▀[0;38;2;178;212;90;48;2;178;212;90m▀[0;38;2;44;69;20;48;2;178;212;90m▀▀[0;38;2;44;69;20;48;2;44;69;20m▀[0;38;2;44;69;20;48;2;106;168;74m▀▀▀▀[0;38;2;44;69;20;48;2;44;69;20m▀[0;38;2;44;69;20;48;2;178;212;90m▀▀▀[0;38;2;178;212;90;48;2;178;212;90m▀[0;38;2;44;69;20;48;2;44;69;20m▀[0;38;2;178;212;90;48;2;178;212;90m▀▀▀▀[0;38;2;44;69;20;48;2;44;69;20m▀[0;38;2;44;90;51;48;2;79;148;70m▀▀▀▀[0;38;2;44;90;51;48;2;44;90;51m▀[0m
[0;38;2;44;90;51;48;2;44;90;51m▀[0;38;2;79;148;70;48;2;44;90;51m▀▀▀[0;38;2;44;90;51;48;2;63;122;50m▀[0;38;2;63;122;50;48;2;63;122;50m▀▀▀▀▀▀▀▀▀[0;38;2;44;69;20;48;2;44;69;20m▀[0;38;2;178;212;90;48;2;44;69;20m▀[0;38;2;243;240;220;48;2;44;69;20m▀[0;38;2;178;212;90;48;2;44;69;20m▀[0;38;2;243;240;220;48;2;44;69;20m▀[0;38;2;44;69;20;48;2;44;69;20m▀[0;38;2;63;122;50;48;2;63;122;50m▀▀▀[0;38;2;44;69;20;48;2;63;122;50m▀[0;38;2;178;212;90;48;2;44;69;20m▀▀▀[0;38;2;44;69;20;48;2;44;69;20m▀[0;38;2;63;122;50;48;2;63;122;50m▀▀▀▀▀[0;38;2;44;69;20;48;2;44;69;20m▀[0;38;2;178;212;90;48;2;44;69;20m▀▀[0;38;2;134;173;60;48;2;44;69;20m▀[0;38;2;44;69;20;48;2;63;122;50m▀[0;38;2;178;212;90;48;2;44;69;20m▀[0;38;2;243;240;220;48;2;44;69;20m▀[0;38;2;178;212;90;48;2;44;69;20m▀[0;38;2;243;240;220;48;2;44;69;20m▀[0;38;2;44;69;20;48;2;44;69;20m▀[0;38;2;93;154;90;48;2;44;90;51m▀▀▀▀[0;38;2;44;90;51;48;2;44;90;51m▀[0m
