[0;38;2;94;60;8;48;2;94;60;8m▀[0;38;2;94;60;8;48;2;255;224;122m▀▀▀▀▀▀▀▀▀▀▀▀▀▀▀▀▀▀▀▀▀▀▀▀▀▀▀▀▀▀▀▀▀▀▀▀▀▀▀▀▀▀▀▀▀[0;38;2;94;60;8;48;2;184;132;28m▀[0;38;2;94;60;8;48;2;94;60;8m▀[0m
[0;38;2;94;60;8;48;2;94;60;8m▀[0;38;2;255;224;122;48;2;255;224;122m▀[0;38;2;94;60;8;48;2;94;60;8m▀[0;38;2;94;60;8;48;2;106;74;20m▀▀▀[0;38;2;94;60;8;48;2;60;46;6m▀▀▀▀▀▀▀[0;38;2;94;60;8;48;2;106;74;20m▀▀▀▀▀▀[0;38;2;94;60;8;48;2;148;112;42m▀▀[0;38;2;94;60;8;48;2;255;243;166m▀[0;38;2;94;60;8;48;2;106;74;20m▀▀▀▀▀▀▀▀[0;38;2;94;60;8;48;2;60;46;6m▀▀▀▀▀▀▀▀[0;38;2;94;60;8;48;2;106;74;20m▀▀[0;38;2;94;60;8;48;2;60;46;6m▀[0;38;2;60;46;6;48;2;220;192;56m▀▀▀▀[0;38;2;94;60;8;48;2;60;46;6m▀[0;38;2;184;132;28;48;2;184;132;28m▀[0;38;2;94;60;8;48;2;94;60;8m▀[0m
[0;38;2;94;60;8;48;2;94;60;8m▀[0;38;2;255;224;122;48;2;255;224;122m▀[0;38;2;94;60;8;48;2;94;60;8m▀[0;38;2;106;74;20;48;2;60;46;6m▀[0;38;2;60;46;6;48;2;220;192;56m▀▀[0;38;2;220;192;56;48;2;220;192;56m▀[0;38;2;220;192;56;48;2;60;46;6m▀[0;38;2;164;134;28;48;2;60;46;6m▀[0;38;2;220;192;56;48;2;220;192;56m▀▀▀▀[0;38;2;60;46;6;48;2;220;192;56m▀[0;38;2;60;46;6;48;2;164;134;28m▀[0;38;2;106;74;20;48;2;60;46;6m▀▀[0;38;2;106;74;20;48;2;148;112;42m▀[0;38;2;148;112;42;48;2;148;112;42m▀▀[0;38;2;255;243;166;48;2;106;74;20m▀[0;38;2;255;255;255;48;2;255;243;166m▀[0;38;2;255;243;166;48;2;106;74;20m▀[0;38;2;106;74;20;48;2;148;112;42m▀[0;38;2;148;112;42;48;2;106;74;20m▀[0;38;2;106;74;20;48;2;148;112;42m▀[0;38;2;148;112;42;48;2;60;46;6m▀[0;38;2;106;74;20;48;2;60;46;6m▀[0;38;2;60;46;6;48;2;251;238;138m▀▀[0;38;2;251;238;138;48;2;251;238;138m▀▀[0;38;2;251;238;138;48;2;164;134;28m▀[0;38;2;164;134;28;48;2;220;192;56m▀[0;38;2;60;46;6;48;2;60;46;6m▀▀[0;38;2;164;134;28;48;2;164;134;28m▀[0;38;2;60;46;6;48;2;60;46;6m▀[0;38;2;60;46;6;48;2;220;192;56m▀[0;38;2;106;74;20;48;2;60;46;6m▀[0;38;2;126;90;26;48;2;126;90;26m▀[0;38;2;60;46;6;48;2;126;90;26m▀[0;38;2;60;46;6;48;2;106;74;20m▀[0;38;2;220;192;56;48;2;60;46;6m▀[0;38;2;220;192;56;48;2;164;134;28m▀▀[0;38;2;60;46;6;48;2;60;46;6m▀[0;38;2;94;60;8;48;2;94;60;8m▀[0m
[0;38;2;94;60;8;48;2;94;60;8m▀[0;38;2;255;224;122;48;2;255;224;122m▀[0;38;2;60;46;6;48;2;60;46;6m▀[0;38;2;220;192;56;48;2;220;192;56m▀[0;38;2;164;134;28;48;2;164;134;28m▀[0;38;2;220;192;56;48;2;60;46;6m▀[0;38;2;60;46;6;48;2;106;74;20m▀[0;38;2;126;90;26;48;2;106;74;20m▀[0;38;2;106;74;20;48;2;106;74;20m▀[0;38;2;60;46;6;48;2;106;74;20m▀▀[0;38;2;164;134;28;48;2;74;42;6m▀[0;38;2;74;42;6;48;2;251;212;102m▀[0;38;2;164;134;28;48;2;74;42;6m▀[0;38;2;164;134;28;48;2;164;134;28m▀[0;38;2;220;192;56;48;2;220;192;56m▀▀[0;38;2;60;46;6;48;2;220;192;56m▀[0;38;2;148;112;42;48;2;60;46;6m▀[0;38;2;106;74;20;48;2;60;46;6m▀[0;38;2;148;112;42;48;2;106;74;20m▀[0;38;2;106;74;20;48;2;148;112;42m▀[0;38;2;148;112;42;48;2;106;74;20m▀[0;38;2;106;74;20;48;2;148;112;42m▀[0;38;2;148;112;42;48;2;60;46;6m▀[0;38;2;60;46;6;48;2;74;42;6m▀[0;38;2;74;42;6;48;2;74;42;6m▀[0;38;2;251;238;138;48;2;251;238;138m▀▀▀[0;38;2;251;238;138;48;2;164;134;28m▀[0;38;2;164;134;28;48;2;251;238;138m▀[0;38;2;251;238;138;48;2;251;238;138m▀[0;38;2;220;192;56;48;2;220;192;56m▀▀▀[0;38;2;60;46;6;48;2;220;192;56m▀▀[0;38;2;220;192;56;48;2;60;46;6m▀[0;38;2;220;192;56;48;2;220;192;56m▀[0;38;2;60;46;6;48;2;164;134;28m▀[0;38;2;106;74;20;48;2;60;46;6m▀[0;38;2;106;74;20;48;2;106;74;20m▀▀[0;38;2;60;46;6;48;2;60;46;6m▀[0;38;2;220;192;56;48;2;220;192;56m▀▀[0;38;2;60;46;6;48;2;60;46;6m▀[0m
[0;38;2;94;60;8;48;2;94;60;8m▀[0;38;2;60;46;6;48;2;60;46;6m▀[0;38;2;220;192;56;48;2;220;192;56m▀▀[0;38;2;60;46;6;48;2;60;46;6m▀[0;38;2;126;90;26;48;2;106;74;20m▀[0;38;2;106;74;20;48;2;106;74;20m▀[0;38;2;106;74;20;48;2;60;46;6m▀▀[0;38;2;106;74;20;48;2;106;74;20m▀▀[0;38;2;74;42;6;48;2;74;42;6m▀[0;38;2;220;158;42;48;2;220;158;42m▀[0;38;2;220;158;42;48;2;168;106;20m▀[0;38;2;74;42;6;48;2;168;106;20m▀[0;38;2;164;134;28;48;2;74;42;6m▀[0;38;2;60;46;6;48;2;106;74;20m▀[0;38;2;220;192;56;48;2;60;46;6m▀[0;38;2;220;192;56;48;2;220;192;56m▀▀[0;38;2;60;46;6;48;2;164;134;28m▀[0;38;2;106;74;20;48;2;60;46;6m▀[0;38;2;148;112;42;48;2;106;74;20m▀[0;38;2;60;46;6;48;2;74;42;6m▀[0;38;2;74;42;6;48;2;168;106;20m▀[0;38;2;251;212;102;48;2;168;106;20m▀[0;38;2;74;42;6;48;2;74;42;6m▀[0;38;2;251;238;138;48;2;251;238;138m▀▀[0;38;2;251;238;138;48;2;164;134;28m▀[0;38;2;164;134;28;48;2;251;238;138m▀[0;38;2;251;238;138;48;2;220;192;56m▀[0;38;2;220;192;56;48;2;220;192;56m▀▀▀▀▀▀[0;38;2;60;46;6;48;2;60;46;6m▀[0;38;2;220;192;56;48;2;220;192;56m▀[0;38;2;164;134;28;48;2;164;134;28m▀[0;38;2;60;46;6;48;2;164;134;28m▀[0;38;2;106;74;20;48;2;60;46;6m▀[0;38;2;106;74;20;48;2;106;74;20m▀[0;38;2;60;46;6;48;2;60;46;6m▀[0;38;2;164;134;28;48;2;220;192;56m▀[0;38;2;164;134;28;48;2;60;46;6m▀[0;38;2;60;46;6;48;2;94;60;8m▀[0m
[0;38;2;94;60;8;48;2;94;60;8m▀[0;38;2;60;46;6;48;2;60;46;6m▀[0;38;2;220;192;56;48;2;220;192;56m▀▀▀[0;38;2;60;46;6;48;2;220;192;56m▀▀[0;38;2;220;192;56;48;2;220;192;56m▀[0;38;2;60;46;6;48;2;60;46;6m▀[0;38;2;106;74;20;48;2;106;74;20m▀▀[0;38;2;74;42;6;48;2;74;42;6m▀[0;38;2;168;106;20;48;2;168;106;20m▀▀[0;38;2;168;106;20;48;2;74;42;6m▀▀[0;38;2;74;42;6;48;2;74;42;6m▀[0;38;2;74;42;6;48;2;251;212;102m▀▀[0;38;2;74;42;6;48;2;168;106;20m▀[0;38;2;74;42;6;48;2;220;158;42m▀▀▀[0;38;2;168;106;20;48;2;74;42;6m▀▀▀[0;38;2;74;42;6;48;2;168;106;20m▀[0;38;2;251;238;138;48;2;220;192;56m▀▀[0;38;2;164;134;28;48;2;164;134;28m▀[0;38;2;220;192;56;48;2;220;192;56m▀▀▀▀▀▀▀▀[0;38;2;60;46;6;48;2;60;46;6m▀[0;38;2;220;192;56;48;2;164;134;28m▀[0;38;2;164;134;28;48;2;164;134;28m▀▀[0;38;2;60;46;6;48;2;60;46;6m▀[0;38;2;60;46;6;48;2;220;192;56m▀[0;38;2;220;192;56;48;2;220;192;56m▀[0;38;2;220;192;56;48;2;60;46;6m▀[0;38;2;60;46;6;48;2;184;132;28m▀[0;38;2;94;60;8;48;2;94;60;8m▀[0m
[0;38;2;94;60;8;48;2;94;60;8m▀[0;38;2;255;224;122;48;2;255;224;122m▀[0;38;2;60;46;6;48;2;94;60;8m▀[0;38;2;60;46;6;48;2;106;74;20m▀[0;38;2;220;192;56;48;2;60;46;6m▀▀▀[0;38;2;60;46;6;48;2;106;74;20m▀[0;38;2;106;74;20;48;2;106;74;20m▀[0;38;2;106;74;20;48;2;126;90;26m▀[0;38;2;74;42;6;48;2;74;42;6m▀[0;38;2;168;106;20;48;2;168;106;20m▀[0;38;2;168;106;20;48;2;74;42;6m▀[0;38;2;74;42;6;48;2;251;212;102m▀[0;38;2;251;212;102;48;2;251;212;102m▀▀▀[0;38;2;168;106;20;48;2;251;212;102m▀[0;38;2;168;106;20;48;2;168;106;20m▀[0;38;2;251;212;102;48;2;251;212;102m▀▀[0;38;2;220;158;42;48;2;220;158;42m▀▀▀▀▀[0;38;2;74;42;6;48;2;220;158;42m▀[0;38;2;168;106;20;48;2;220;158;42m▀[0;38;2;220;192;56;48;2;74;42;6m▀[0;38;2;220;192;56;48;2;220;192;56m▀▀▀▀▀▀▀▀[0;38;2;220;192;56;48;2;164;134;28m▀[0;38;2;60;46;6;48;2;60;46;6m▀[0;38;2;164;134;28;48;2;164;134;28m▀▀▀[0;38;2;60;46;6;48;2;60;46;6m▀[0;38;2;164;134;28;48;2;220;192;56m▀[0;38;2;164;134;28;48;2;60;46;6m▀[0;38;2;60;46;6;48;2;94;60;8m▀[0;38;2;184;132;28;48;2;184;132;28m▀[0;38;2;94;60;8;48;2;94;60;8m▀[0m
[0;38;2;94;60;8;48;2;94;60;8m▀[0;38;2;255;224;122;48;2;255;224;122m▀[0;38;2;94;60;8;48;2;94;60;8m▀[0;38;2;106;74;20;48;2;106;74;20m▀[0;38;2;106;74;20;48;2;255;243;166m▀[0;38;2;106;74;20;48;2;106;74;20m▀▀[0;38;2;106;74;20;48;2;126;90;26m▀[0;38;2;126;90;26;48;2;126;90;26m▀▀[0;38;2;74;42;6;48;2;74;42;6m▀[0;38;2;74;42;6;48;2;220;158;42m▀[0;38;2;74;42;6;48;2;168;106;20m▀▀[0;38;2;74;42;6;48;2;255;246;200m▀[0;38;2;74;42;6;48;2;74;42;6m▀[0;38;2;251;212;102;48;2;251;212;102m▀▀▀[0;38;2;251;212;102;48;2;220;158;42m▀[0;38;2;220;158;42;48;2;220;158;42m▀[0;38;2;220;158;42;48;2;74;42;6m▀[0;38;2;74;42;6;48;2;255;246;200m▀[0;38;2;74;42;6;48;2;168;106;20m▀▀▀[0;38;2;220;158;42;48;2;74;42;6m▀[0;38;2;220;158;42;48;2;220;158;42m▀[0;38;2;168;106;20;48;2;168;106;20m▀[0;38;2;74;42;6;48;2;74;42;6m▀[0;38;2;220;192;56;48;2;220;192;56m▀▀▀▀▀[0;38;2;220;192;56;48;2;164;134;28m▀[0;38;2;164;134;28;48;2;164;134;28m▀▀▀▀▀[0;38;2;164;134;28;48;2;60;46;6m▀[0;38;2;60;46;6;48;2;60;46;6m▀[0;38;2;60;46;6;48;2;106;74;20m▀[0;38;2;106;74;20;48;2;106;74;20m▀[0;38;2;94;60;8;48;2;94;60;8m▀[0;38;2;184;132;28;48;2;184;132;28m▀[0;38;2;94;60;8;48;2;94;60;8m▀[0m
[0;38;2;94;60;8;48;2;94;60;8m▀[0;38;2;255;224;122;48;2;255;224;122m▀[0;38;2;94;60;8;48;2;94;60;8m▀[0;38;2;255;243;166;48;2;106;74;20m▀[0;38;2;255;255;255;48;2;255;243;166m▀[0;38;2;255;243;166;48;2;126;90;26m▀[0;38;2;126;90;26;48;2;126;90;26m▀▀[0;38;2;106;74;20;48;2;106;74;20m▀▀[0;38;2;74;42;6;48;2;74;42;6m▀[0;38;2;220;158;42;48;2;220;158;42m▀[0;38;2;168;106;20;48;2;74;42;6m▀[0;38;2;74;42;6;48;2;74;42;6m▀[0;38;2;74;42;6;48;2;168;106;20m▀[0;38;2;74;42;6;48;2;74;42;6m▀[0;38;2;251;212;102;48;2;220;158;42m▀[0;38;2;220;158;42;48;2;220;158;42m▀▀▀▀[0;38;2;255;246;200;48;2;255;246;200m▀[0;38;2;168;106;20;48;2;168;106;20m▀[0;38;2;255;246;200;48;2;74;42;6m▀[0;38;2;74;42;6;48;2;74;42;6m▀[0;38;2;74;42;6;48;2;168;106;20m▀[0;38;2;74;42;6;48;2;74;42;6m▀[0;38;2;168;106;20;48;2;168;106;20m▀▀[0;38;2;74;42;6;48;2;168;106;20m▀[0;38;2;74;42;6;48;2;74;42;6m▀[0;38;2;74;42;6;48;2;220;158;42m▀[0;38;2;220;192;56;48;2;74;42;6m▀[0;38;2;164;134;28;48;2;74;42;6m▀▀▀▀[0;38;2;164;134;28;48;2;164;134;28m▀▀▀[0;38;2;60;46;6;48;2;60;46;6m▀[0;38;2;60;46;6;48;2;106;74;20m▀[0;38;2;106;74;20;48;2;106;74;20m▀[0;38;2;106;74;20;48;2;255;243;166m▀[0;38;2;255;243;166;48;2;255;255;255m▀[0;38;2;94;60;8;48;2;255;243;166m▀[0;38;2;184;132;28;48;2;184;132;28m▀[0;38;2;94;60;8;48;2;94;60;8m▀[0m
[0;38;2;94;60;8;48;2;94;60;8m▀[0;38;2;255;224;122;48;2;255;224;122m▀[0;38;2;94;60;8;48;2;94;60;8m▀[0;38;2;106;74;20;48;2;126;90;26m▀[0;38;2;126;90;26;48;2;126;90;26m▀▀[0;38;2;106;74;20;48;2;106;74;20m▀▀▀▀[0;38;2;74;42;6;48;2;74;42;6m▀[0;38;2;168;106;20;48;2;220;158;42m▀[0;38;2;74;42;6;48;2;220;158;42m▀▀▀[0;38;2;220;158;42;48;2;220;158;42m▀▀▀▀▀▀▀[0;38;2;74;42;6;48;2;220;158;42m▀▀▀[0;38;2;74;42;6;48;2;168;106;20m▀[0;38;2;168;106;20;48;2;168;106;20m▀▀▀[0;38;2;168;106;20;48;2;74;42;6m▀[0;38;2;74;42;6;48;2;251;212;102m▀[0;38;2;220;158;42;48;2;220;158;42m▀▀▀[0;38;2;220;158;42;48;2;168;106;20m▀▀[0;38;2;220;158;42;48;2;220;158;42m▀[0;38;2;74;42;6;48;2;220;158;42m▀▀[0;38;2;60;46;6;48;2;74;42;6m▀[0;38;2;106;74;20;48;2;106;74;20m▀▀▀▀[0;38;2;255;243;166;48;2;106;74;20m▀[0;38;2;94;60;8;48;2;94;60;8m▀[0;38;2;184;132;28;48;2;184;132;28m▀[0;38;2;94;60;8;48;2;94;60;8m▀[0m
[0;38;2;94;60;8;48;2;94;60;8m▀[0;38;2;255;224;122;48;2;255;224;122m▀[0;38;2;94;60;8;48;2;94;60;8m▀[0;38;2;126;90;26;48;2;126;90;26m▀[0;38;2;106;74;20;48;2;106;74;20m▀▀[0;38;2;255;243;166;48;2;255;255;255m▀[0;38;2;106;74;20;48;2;106;74;20m▀▀▀[0;38;2;74;42;6;48;2;106;74;20m▀[0;38;2;74;42;6;48;2;74;42;6m▀[0;38;2;74;42;6;48;2;220;158;42m▀[0;38;2;220;158;42;48;2;74;42;6m▀▀▀▀▀▀▀▀▀▀[0;38;2;168;106;20;48;2;74;42;6m▀▀▀▀[0;38;2;74;42;6;48;2;168;106;20m▀[0;38;2;168;106;20;48;2;74;42;6m▀[0;38;2;74;42;6;48;2;220;158;42m▀[0;38;2;220;158;42;48;2;220;158;42m▀▀▀▀▀[0;38;2;168;106;20;48;2;220;158;42m▀▀[0;38;2;220;158;42;48;2;220;158;42m▀[0;38;2;220;158;42;48;2;168;106;20m▀[0;38;2;168;106;20;48;2;168;106;20m▀[0;38;2;74;42;6;48;2;168;106;20m▀[0;38;2;106;74;20;48;2;74;42;6m▀[0;38;2;106;74;20;48;2;106;74;20m▀▀▀[0;38;2;94;60;8;48;2;94;60;8m▀[0;38;2;184;132;28;48;2;184;132;28m▀[0;38;2;94;60;8;48;2;94;60;8m▀[0m
[0;38;2;94;60;8;48;2;94;60;8m▀[0;38;2;255;224;122;48;2;255;224;122m▀[0;38;2;94;60;8;48;2;94;60;8m▀[0;38;2;106;74;20;48;2;106;74;20m▀[0;38;2;255;243;166;48;2;106;74;20m▀[0;38;2;255;255;255;48;2;106;74;20m▀[0;38;2;255;255;255;48;2;255;255;255m▀[0;38;2;255;255;255;48;2;106;74;20m▀[0;38;2;255;243;166;48;2;106;74;20m▀[0;38;2;106;74;20;48;2;106;74;20m▀[0;38;2;106;74;20;48;2;126;90;26m▀[0;38;2;126;90;26;48;2;126;90;26m▀[0;38;2;74;42;6;48;2;106;74;20m▀[0;38;2;168;106;20;48;2;74;42;6m▀[0;38;2;220;158;42;48;2;74;42;6m▀[0;38;2;74;42;6;48;2;168;106;20m▀[0;38;2;74;42;6;48;2;74;42;6m▀▀▀[0;38;2;74;42;6;48;2;220;158;42m▀▀▀▀[0;38;2;74;42;6;48;2;74;42;6m▀[0;38;2;74;42;6;48;2;168;106;20m▀[0;38;2;168;106;20;48;2;168;106;20m▀[0;38;2;168;106;20;48;2;74;42;6m▀▀[0;38;2;74;42;6;48;2;220;158;42m▀[0;38;2;220;158;42;48;2;220;158;42m▀▀[0;38;2;168;106;20;48;2;220;158;42m▀[0;38;2;220;158;42;48;2;220;158;42m▀▀▀▀[0;38;2;220;158;42;48;2;168;106;20m▀[0;38;2;168;106;20;48;2;74;42;6m▀[0;38;2;168;106;20;48;2;251;212;102m▀▀[0;38;2;74;42;6;48;2;220;158;42m▀[0;38;2;74;42;6;48;2;74;42;6m▀[0;38;2;106;74;20;48;2;106;74;20m▀[0;38;2;106;74;20;48;2;126;90;26m▀[0;38;2;126;90;26;48;2;126;90;26m▀[0;38;2;94;60;8;48;2;94;60;8m▀[0;38;2;184;132;28;48;2;184;132;28m▀[0;38;2;94;60;8;48;2;94;60;8m▀[0m
[0;38;2;94;60;8;48;2;94;60;8m▀[0;38;2;255;224;122;48;2;255;224;122m▀[0;38;2;94;60;8;48;2;94;60;8m▀[0;38;2;106;74;20;48;2;106;74;20m▀▀▀[0;38;2;255;243;166;48;2;106;74;20m▀[0;38;2;106;74;20;48;2;106;74;20m▀[0;38;2;106;74;20;48;2;126;90;26m▀[0;38;2;126;90;26;48;2;126;90;26m▀[0;38;2;126;90;26;48;2;106;74;20m▀▀[0;38;2;106;74;20;48;2;106;74;20m▀▀▀[0;38;2;74;42;6;48;2;74;42;6m▀[0;38;2;74;42;6;48;2;220;158;42m▀▀[0;38;2;74;42;6;48;2;74;42;6m▀▀▀▀▀[0;38;2;74;42;6;48;2;220;158;42m▀▀▀[0;38;2;220;158;42;48;2;220;158;42m▀▀▀▀▀▀[0;38;2;220;158;42;48;2;168;106;20m▀▀[0;38;2;168;106;20;48;2;168;106;20m▀▀[0;38;2;74;42;6;48;2;74;42;6m▀[0;38;2;251;212;102;48;2;220;158;42m▀▀[0;38;2;220;158;42;48;2;220;158;42m▀▀▀[0;38;2;74;42;6;48;2;74;42;6m▀[0;38;2;126;90;26;48;2;126;90;26m▀[0;38;2;106;74;20;48;2;106;74;20m▀[0;38;2;94;60;8;48;2;94;60;8m▀[0;38;2;184;132;28;48;2;184;132;28m▀[0;38;2;94;60;8;48;2;94;60;8m▀[0m
[0;38;2;94;60;8;48;2;94;60;8m▀[0;38;2;255;224;122;48;2;255;224;122m▀[0;38;2;94;60;8;48;2;94;60;8m▀[0;38;2;106;74;20;48;2;106;74;20m▀▀▀[0;38;2;106;74;20;48;2;126;90;26m▀[0;38;2;126;90;26;48;2;126;90;26m▀[0;38;2;126;90;26;48;2;106;74;20m▀▀[0;38;2;106;74;20;48;2;106;74;20m▀▀▀▀[0;38;2;74;42;6;48;2;74;42;6m▀[0;38;2;251;212;102;48;2;251;212;102m▀[0;38;2;220;158;42;48;2;220;158;42m▀▀▀[0;38;2;168;106;20;48;2;168;106;20m▀[0;38;2;74;42;6;48;2;74;42;6m▀[0;38;2;74;42;6;48;2;106;74;20m▀[0;38;2;220;158;42;48;2;74;42;6m▀▀▀[0;38;2;220;158;42;48;2;168;106;20m▀▀▀[0;38;2;168;106;20;48;2;168;106;20m▀▀▀▀▀▀▀▀[0;38;2;168;106;20;48;2;74;42;6m▀[0;38;2;74;42;6;48;2;74;42;6m▀[0;38;2;220;158;42;48;2;220;158;42m▀▀▀▀[0;38;2;74;42;6;48;2;74;42;6m▀[0;38;2;106;74;20;48;2;106;74;20m▀▀[0;38;2;94;60;8;48;2;94;60;8m▀[0;38;2;184;132;28;48;2;184;132;28m▀[0;38;2;94;60;8;48;2;94;60;8m▀[0m
[0;38;2;94;60;8;48;2;94;60;8m▀[0;38;2;255;224;122;48;2;255;224;122m▀[0;38;2;94;60;8;48;2;94;60;8m▀[0;38;2;106;74;20;48;2;94;60;8m▀▀[0;38;2;126;90;26;48;2;94;60;8m▀▀▀[0;38;2;106;74;20;48;2;94;60;8m▀▀▀▀▀▀[0;38;2;74;42;6;48;2;74;42;6m▀[0;38;2;251;212;102;48;2;220;158;42m▀[0;38;2;220;158;42;48;2;220;158;42m▀▀▀[0;38;2;168;106;20;48;2;74;42;6m▀[0;38;2;74;42;6;48;2;94;60;8m▀[0;38;2;106;74;20;48;2;94;60;8m▀▀[0;38;2;74;42;6;48;2;74;42;6m▀[0;38;2;220;158;42;48;2;220;158;42m▀[0;38;2;74;42;6;48;2;220;158;42m▀▀[0;38;2;74;42;6;48;2;74;42;6m▀[0;38;2;74;42;6;48;2;94;60;8m▀▀▀▀[0;38;2;74;42;6;48;2;74;42;6m▀[0;38;2;74;42;6;48;2;220;158;42m▀▀▀[0;38;2;220;158;42;48;2;220;158;42m▀[0;38;2;74;42;6;48;2;74;42;6m▀[0;38;2;220;158;42;48;2;220;158;42m▀▀▀▀[0;38;2;74;42;6;48;2;74;42;6m▀[0;38;2;106;74;20;48;2;94;60;8m▀▀[0;38;2;94;60;8;48;2;94;60;8m▀[0;38;2;184;132;28;48;2;184;132;28m▀[0;38;2;94;60;8;48;2;94;60;8m▀[0m
[0;38;2;94;60;8;48;2;94;60;8m▀[0;38;2;184;132;28;48;2;94;60;8m▀▀▀▀▀▀▀▀▀▀▀▀▀[0;38;2;74;42;6;48;2;74;42;6m▀[0;38;2;220;158;42;48;2;74;42;6m▀[0;38;2;255;246;200;48;2;74;42;6m▀[0;38;2;220;158;42;48;2;74;42;6m▀[0;38;2;255;246;200;48;2;74;42;6m▀[0;38;2;74;42;6;48;2;74;42;6m▀[0;38;2;184;132;28;48;2;94;60;8m▀▀▀[0;38;2;74;42;6;48;2;94;60;8m▀[0;38;2;220;158;42;48;2;74;42;6m▀▀▀[0;38;2;74;42;6;48;2;74;42;6m▀[0;38;2;184;132;28;48;2;94;60;8m▀▀▀▀▀[0;38;2;74;42;6;48;2;74;42;6m▀[0;38;2;220;158;42;48;2;74;42;6m▀▀[0;38;2;168;106;20;48;2;74;42;6m▀[0;38;2;74;42;6;48;2;94;60;8m▀[0;38;2;220;158;42;48;2;74;42;6m▀[0;38;2;255;246;200;48;2;74;42;6m▀[0;38;2;220;158;42;48;2;74;42;6m▀[0;38;2;255;246;200;48;2;74;42;6m▀[0;38;2;74;42;6;48;2;74;42;6m▀[0;38;2;184;132;28;48;2;94;60;8m▀▀▀▀[0;38;2;94;60;8;48;2;94;60;8m▀[0m
