[0;38;2;30;10;22;48;2;30;10;22m▀▀▀▀▀▀▀▀[0;38;2;30;10;22;48;2;54;16;30m▀[0;38;2;54;16;30;48;2;30;10;22m▀[0;38;2;30;10;22;48;2;54;16;30m▀[0;38;2;54;16;30;48;2;54;16;30m▀▀▀▀▀▀▀▀▀▀[0;38;2;54;16;30;48;2;106;58;6m▀▀▀▀▀[0;38;2;54;16;30;48;2;90;26;36m▀[0;38;2;54;16;30;48;2;54;16;30m▀[0;38;2;54;16;30;48;2;90;26;36m▀[0;38;2;54;16;30;48;2;54;16;30m▀[0;38;2;54;16;30;48;2;90;26;36m▀[0;38;2;54;16;30;48;2;54;16;30m▀▀[0;38;2;54;16;30;48;2;255;224;122m▀[0;38;2;54;16;30;48;2;54;16;30m▀▀▀▀▀▀▀▀[0;38;2;30;10;22;48;2;54;16;30m▀[0;38;2;54;16;30;48;2;54;16;30m▀[0;38;2;30;10;22;48;2;54;16;30m▀[0;38;2;30;10;22;48;2;30;10;22m▀[0;38;2;30;10;22;48;2;54;16;30m▀[0;38;2;30;10;22;48;2;30;10;22m▀[0m
[0;38;2;30;10;22;48;2;30;10;22m▀▀▀▀▀▀[0;38;2;30;10;22;48;2;54;16;30m▀[0;38;2;54;16;30;48;2;54;16;30m▀[0;38;2;30;10;22;48;2;54;16;30m▀[0;38;2;255;138;42;48;2;54;16;30m▀[0;38;2;54;16;30;48;2;54;16;30m▀▀▀▀▀▀[0;38;2;54;16;30;48;2;90;26;36m▀[0;38;2;54;16;30;48;2;106;58;6m▀[0;38;2;106;58;6;48;2;255;240;154m▀▀▀[0;38;2;255;240;154;48;2;255;240;154m▀▀▀▀[0;38;2;247;200;60;48;2;255;240;154m▀[0;38;2;106;58;6;48;2;247;200;60m▀▀[0;38;2;54;16;30;48;2;106;58;6m▀[0;38;2;90;26;36;48;2;106;58;6m▀[0;38;2;54;16;30;48;2;90;26;36m▀[0;38;2;90;26;36;48;2;90;26;36m▀[0;38;2;54;16;30;48;2;90;26;36m▀[0;38;2;90;26;36;48;2;90;26;36m▀[0;38;2;54;16;30;48;2;90;26;36m▀[0;38;2;90;26;36;48;2;54;16;30m▀[0;38;2;54;16;30;48;2;90;26;36m▀[0;38;2;54;16;30;48;2;54;16;30m▀▀▀▀[0;38;2;54;16;30;48;2;192;32;14m▀[0;38;2;54;16;30;48;2;54;16;30m▀▀▀▀[0;38;2;30;10;22;48;2;54;16;30m▀[0;38;2;54;16;30;48;2;30;10;22m▀[0m
[0;38;2;30;10;22;48;2;30;10;22m▀▀▀▀[0;38;2;255;224;122;48;2;54;16;30m▀[0;38;2;54;16;30;48;2;54;16;30m▀▀▀▀▀▀▀[0;38;2;54;16;30;48;2;90;26;36m▀[0;38;2;54;16;30;48;2;54;16;30m▀[0;38;2;54;16;30;48;2;90;26;36m▀[0;38;2;90;26;36;48;2;106;58;6m▀[0;38;2;106;58;6;48;2;255;240;154m▀[0;38;2;255;240;154;48;2;255;240;154m▀▀▀▀▀[0;38;2;255;240;154;48;2;28;34;56m▀▀[0;38;2;255;240;154;48;2;247;200;60m▀[0;38;2;247;200;60;48;2;247;200;60m▀▀▀▀▀[0;38;2;106;58;6;48;2;247;200;60m▀[0;38;2;90;26;36;48;2;106;58;6m▀[0;38;2;90;26;36;48;2;90;26;36m▀▀▀▀▀▀[0;38;2;54;16;30;48;2;90;26;36m▀[0;38;2;90;26;36;48;2;54;16;30m▀[0;38;2;54;16;30;48;2;192;32;14m▀[0;38;2;242;82;28;48;2;242;82;28m▀[0;38;2;192;32;14;48;2;192;32;14m▀[0;38;2;54;16;30;48;2;54;16;30m▀▀▀▀▀[0m
[0;38;2;30;10;22;48;2;30;10;22m▀▀[0;38;2;30;10;22;48;2;54;16;30m▀[0;38;2;54;16;30;48;2;54;16;30m▀▀▀▀▀▀▀[0;38;2;54;16;30;48;2;90;26;36m▀[0;38;2;90;26;36;48;2;54;16;30m▀[0;38;2;54;16;30;48;2;90;26;36m▀[0;38;2;90;26;36;48;2;90;26;36m▀[0;38;2;106;58;6;48;2;106;58;6m▀[0;38;2;255;240;154;48;2;255;240;154m▀▀▀▀▀▀[0;38;2;28;34;56;48;2;28;34;56m▀[0;38;2;255;255;255;48;2;255;255;255m▀▀[0;38;2;28;34;56;48;2;28;34;56m▀[0;38;2;247;200;60;48;2;247;200;60m▀▀▀▀▀▀[0;38;2;217;154;30;48;2;217;154;30m▀[0;38;2;106;58;6;48;2;106;58;6m▀[0;38;2;90;26;36;48;2;90;26;36m▀▀▀▀▀▀[0;38;2;192;32;14;48;2;242;82;28m▀[0;38;2;242;82;28;48;2;255;161;42m▀[0;38;2;255;161;42;48;2;255;161;42m▀[0;38;2;192;32;14;48;2;242;82;28m▀[0;38;2;54;16;30;48;2;54;16;30m▀[0;38;2;192;32;14;48;2;242;82;28m▀[0;38;2;54;16;30;48;2;54;16;30m▀▀▀[0m
[0;38;2;30;10;22;48;2;54;16;30m▀[0;38;2;54;16;30;48;2;30;10;22m▀[0;38;2;30;10;22;48;2;54;16;30m▀[0;38;2;54;16;30;48;2;54;16;30m▀▀▀▀▀[0;38;2;54;16;30;48;2;90;26;36m▀[0;38;2;90;26;36;48;2;54;16;30m▀[0;38;2;54;16;30;48;2;90;26;36m▀[0;38;2;90;26;36;48;2;90;26;36m▀▀[0;38;2;106;58;6;48;2;106;58;6m▀[0;38;2;255;240;154;48;2;255;240;154m▀[0;38;2;255;240;154;48;2;247;200;60m▀▀[0;38;2;247;200;60;48;2;247;200;60m▀▀▀▀[0;38;2;28;34;56;48;2;28;34;56m▀▀[0;38;2;28;34;56;48;2;61;111;184m▀[0;38;2;28;34;56;48;2;28;34;56m▀[0;38;2;247;200;60;48;2;247;200;60m▀▀▀▀▀[0;38;2;217;154;30;48;2;217;154;30m▀▀[0;38;2;106;58;6;48;2;106;58;6m▀[0;38;2;132;48;42;48;2;132;48;42m▀[0;38;2;90;26;36;48;2;132;48;42m▀[0;38;2;132;48;42;48;2;90;26;36m▀[0;38;2;90;26;36;48;2;132;48;42m▀[0;38;2;90;26;36;48;2;192;32;14m▀[0;38;2;192;32;14;48;2;242;82;28m▀[0;38;2;242;82;28;48;2;255;161;42m▀[0;38;2;255;161;42;48;2;255;224;102m▀[0;38;2;255;224;102;48;2;255;224;102m▀[0;38;2;255;161;42;48;2;255;161;42m▀[0;38;2;90;26;36;48;2;242;82;28m▀[0;38;2;192;32;14;48;2;90;26;36m▀[0;38;2;54;16;30;48;2;54;16;30m▀▀▀[0m
[0;38;2;30;10;22;48;2;54;16;30m▀[0;38;2;54;16;30;48;2;54;16;30m▀▀▀▀▀[0;38;2;54;16;30;48;2;192;32;14m▀[0;38;2;54;16;30;48;2;54;16;30m▀[0;38;2;54;16;30;48;2;90;26;36m▀[0;38;2;90;26;36;48;2;90;26;36m▀▀▀▀[0;38;2;106;58;6;48;2;106;58;6m▀[0;38;2;247;200;60;48;2;247;200;60m▀[0;38;2;217;154;30;48;2;247;200;60m▀[0;38;2;247;200;60;48;2;247;200;60m▀▀▀▀▀▀[0;38;2;28;34;56;48;2;247;200;60m▀▀[0;38;2;247;200;60;48;2;247;200;60m▀▀▀▀[0;38;2;247;200;60;48;2;217;154;30m▀[0;38;2;217;154;30;48;2;217;154;30m▀▀▀[0;38;2;106;58;6;48;2;106;58;6m▀[0;38;2;132;48;42;48;2;132;48;42m▀▀▀[0;38;2;90;26;36;48;2;192;32;14m▀[0;38;2;242;82;28;48;2;242;82;28m▀[0;38;2;255;161;42;48;2;255;161;42m▀[0;38;2;255;224;102;48;2;255;224;102m▀[0;38;2;255;224;102;48;2;255;251;214m▀[0;38;2;255;251;214;48;2;255;251;214m▀[0;38;2;255;161;42;48;2;255;224;102m▀[0;38;2;242;82;28;48;2;255;161;42m▀[0;38;2;54;16;30;48;2;192;32;14m▀[0;38;2;90;26;36;48;2;54;16;30m▀[0;38;2;255;138;42;48;2;90;26;36m▀[0;38;2;54;16;30;48;2;54;16;30m▀[0m
[0;38;2;192;32;14;48;2;242;82;28m▀[0;38;2;54;16;30;48;2;54;16;30m▀▀[0;38;2;54;16;30;48;2;192;32;14m▀[0;38;2;54;16;30;48;2;242;82;28m▀[0;38;2;192;32;14;48;2;242;82;28m▀[0;38;2;242;82;28;48;2;255;161;42m▀▀[0;38;2;192;32;14;48;2;255;161;42m▀[0;38;2;90;26;36;48;2;242;82;28m▀[0;38;2;90;26;36;48;2;255;161;42m▀▀▀[0;38;2;90;26;36;48;2;255;224;102m▀[0;38;2;106;58;6;48;2;255;251;214m▀[0;38;2;106;58;6;48;2;106;58;6m▀[0;38;2;106;58;6;48;2;142;34;34m▀▀▀▀▀▀▀[0;38;2;106;58;6;48;2;106;58;6m▀[0;38;2;247;200;60;48;2;247;200;60m▀▀▀[0;38;2;247;200;60;48;2;217;154;30m▀[0;38;2;217;154;30;48;2;217;154;30m▀▀[0;38;2;217;154;30;48;2;106;58;6m▀▀[0;38;2;106;58;6;48;2;132;48;42m▀[0;38;2;132;48;42;48;2;132;48;42m▀▀▀[0;38;2;242;82;28;48;2;242;82;28m▀[0;38;2;255;161;42;48;2;255;161;42m▀[0;38;2;255;224;102;48;2;255;224;102m▀[0;38;2;255;251;214;48;2;255;251;214m▀▀▀[0;38;2;255;224;102;48;2;255;224;102m▀[0;38;2;255;161;42;48;2;255;161;42m▀[0;38;2;242;82;28;48;2;242;82;28m▀[0;38;2;90;26;36;48;2;90;26;36m▀[0;38;2;54;16;30;48;2;90;26;36m▀[0;38;2;54;16;30;48;2;54;16;30m▀[0m
[0;38;2;255;161;42;48;2;255;161;42m▀[0;38;2;242;82;28;48;2;255;161;42m▀[0;38;2;192;32;14;48;2;255;161;42m▀[0;38;2;242;82;28;48;2;255;161;42m▀[0;38;2;255;161;42;48;2;255;224;102m▀▀[0;38;2;255;224;102;48;2;255;251;214m▀▀▀▀▀[0;38;2;255;251;214;48;2;255;251;214m▀▀[0;38;2;255;251;214;48;2;255;224;102m▀▀[0;38;2;106;58;6;48;2;242;82;28m▀[0;38;2;247;200;60;48;2;106;58;6m▀[0;38;2;240;140;140;48;2;247;200;60m▀▀▀[0;38;2;142;34;34;48;2;247;200;60m▀▀[0;38;2;106;58;6;48;2;247;200;60m▀[0;38;2;247;200;60;48;2;217;154;30m▀▀[0;38;2;217;154;30;48;2;217;154;30m▀[0;38;2;217;154;30;48;2;106;58;6m▀▀[0;38;2;106;58;6;48;2;132;48;42m▀▀[0;38;2;132;48;42;48;2;132;48;42m▀▀▀▀▀▀[0;38;2;192;32;14;48;2;132;48;42m▀[0;38;2;255;161;42;48;2;242;82;28m▀[0;38;2;255;224;102;48;2;255;161;42m▀[0;38;2;255;251;214;48;2;255;224;102m▀▀▀[0;38;2;255;224;102;48;2;255;161;42m▀[0;38;2;255;161;42;48;2;242;82;28m▀[0;38;2;192;32;14;48;2;90;26;36m▀[0;38;2;90;26;36;48;2;90;26;36m▀[0;38;2;54;16;30;48;2;90;26;36m▀[0;38;2;90;26;36;48;2;54;16;30m▀[0m
[0;38;2;255;224;102;48;2;255;251;214m▀▀▀▀[0;38;2;255;251;214;48;2;255;251;214m▀▀[0;38;2;255;251;214;48;2;255;224;102m▀▀▀[0;38;2;255;224;102;48;2;242;82;28m▀[0;38;2;255;161;42;48;2;90;26;36m▀[0;38;2;255;224;102;48;2;242;82;28m▀[0;38;2;255;161;42;48;2;242;82;28m▀[0;38;2;242;82;28;48;2;90;26;36m▀[0;38;2;242;82;28;48;2;132;48;42m▀[0;38;2;132;48;42;48;2;90;26;36m▀[0;38;2;132;48;42;48;2;132;48;42m▀[0;38;2;106;58;6;48;2;132;48;42m▀▀▀[0;38;2;106;58;6;48;2;106;58;6m▀▀[0;38;2;106;58;6;48;2;255;240;154m▀[0;38;2;106;58;6;48;2;247;200;60m▀▀▀[0;38;2;132;48;42;48;2;247;200;60m▀▀[0;38;2;132;48;42;48;2;217;154;30m▀▀[0;38;2;132;48;42;48;2;106;58;6m▀[0;38;2;132;48;42;48;2;132;48;42m▀▀▀▀▀▀[0;38;2;192;32;14;48;2;132;48;42m▀[0;38;2;242;82;28;48;2;192;32;14m▀[0;38;2;255;161;42;48;2;192;32;14m▀▀▀[0;38;2;242;82;28;48;2;192;32;14m▀[0;38;2;192;32;14;48;2;90;26;36m▀[0;38;2;90;26;36;48;2;90;26;36m▀[0;38;2;90;26;36;48;2;54;16;30m▀[0;38;2;54;16;30;48;2;90;26;36m▀[0;38;2;90;26;36;48;2;54;16;30m▀[0m
[0;38;2;255;224;102;48;2;255;224;102m▀[0;38;2;255;224;102;48;2;255;161;42m▀▀▀▀▀▀[0;38;2;255;161;42;48;2;242;82;28m▀▀[0;38;2;192;32;14;48;2;54;16;30m▀[0;38;2;90;26;36;48;2;90;26;36m▀▀▀▀▀[0;38;2;132;48;42;48;2;90;26;36m▀[0;38;2;90;26;36;48;2;132;48;42m▀[0;38;2;132;48;42;48;2;90;26;36m▀[0;38;2;132;48;42;48;2;106;58;6m▀[0;38;2;106;58;6;48;2;255;240;154m▀[0;38;2;255;240;154;48;2;247;200;60m▀[0;38;2;247;200;60;48;2;106;58;6m▀[0;38;2;106;58;6;48;2;255;240;188m▀[0;38;2;255;240;188;48;2;255;240;188m▀▀▀▀[0;38;2;247;200;60;48;2;255;240;188m▀[0;38;2;247;200;60;48;2;247;200;60m▀▀[0;38;2;217;154;30;48;2;247;200;60m▀[0;38;2;106;58;6;48;2;217;154;30m▀[0;38;2;132;48;42;48;2;106;58;6m▀[0;38;2;132;48;42;48;2;132;48;42m▀▀▀▀[0;38;2;132;48;42;48;2;90;26;36m▀[0;38;2;106;58;6;48;2;106;58;6m▀[0;38;2;247;200;60;48;2;247;200;60m▀▀[0;38;2;106;58;6;48;2;106;58;6m▀[0;38;2;90;26;36;48;2;90;26;36m▀▀▀[0;38;2;90;26;36;48;2;54;16;30m▀[0;38;2;54;16;30;48;2;54;16;30m▀▀[0m
[0;38;2;255;161;42;48;2;242;82;28m▀[0;38;2;242;82;28;48;2;192;32;14m▀▀[0;38;2;192;32;14;48;2;54;16;30m▀[0;38;2;242;82;28;48;2;54;16;30m▀[0;38;2;242;82;28;48;2;192;32;14m▀▀[0;38;2;192;32;14;48;2;54;16;30m▀[0;38;2;54;16;30;48;2;54;16;30m▀[0;38;2;90;26;36;48;2;54;16;30m▀[0;38;2;90;26;36;48;2;90;26;36m▀▀▀▀▀▀[0;38;2;90;26;36;48;2;106;58;6m▀[0;38;2;106;58;6;48;2;255;244;226m▀[0;38;2;247;200;60;48;2;106;58;6m▀[0;38;2;247;200;60;48;2;255;244;226m▀[0;38;2;106;58;6;48;2;106;58;6m▀[0;38;2;255;240;188;48;2;255;240;188m▀▀▀▀▀▀▀▀[0;38;2;247;200;60;48;2;247;200;60m▀▀[0;38;2;217;154;30;48;2;217;154;30m▀[0;38;2;106;58;6;48;2;106;58;6m▀[0;38;2;106;58;6;48;2;247;200;60m▀[0;38;2;132;48;42;48;2;106;58;6m▀[0;38;2;132;48;42;48;2;90;26;36m▀[0;38;2;90;26;36;48;2;106;58;6m▀[0;38;2;106;58;6;48;2;255;240;154m▀[0;38;2;255;240;154;48;2;247;200;60m▀[0;38;2;247;200;60;48;2;217;154;30m▀[0;38;2;217;154;30;48;2;106;58;6m▀[0;38;2;106;58;6;48;2;90;26;36m▀[0;38;2;90;26;36;48;2;90;26;36m▀[0;38;2;90;26;36;48;2;54;16;30m▀[0;38;2;54;16;30;48;2;90;26;36m▀[0;38;2;90;26;36;48;2;54;16;30m▀[0;38;2;54;16;30;48;2;54;16;30m▀▀[0m
[0;38;2;192;32;14;48;2;192;32;14m▀[0;38;2;192;32;14;48;2;30;10;22m▀[0;38;2;30;10;22;48;2;54;16;30m▀[0;38;2;54;16;30;48;2;30;10;22m▀[0;38;2;54;16;30;48;2;54;16;30m▀▀[0;38;2;192;32;14;48;2;54;16;30m▀[0;38;2;54;16;30;48;2;54;16;30m▀▀▀▀[0;38;2;90;26;36;48;2;54;16;30m▀[0;38;2;90;26;36;48;2;90;26;36m▀▀▀[0;38;2;255;224;122;48;2;90;26;36m▀[0;38;2;90;26;36;48;2;90;26;36m▀[0;38;2;106;58;6;48;2;90;26;36m▀[0;38;2;90;26;36;48;2;90;26;36m▀[0;38;2;106;58;6;48;2;90;26;36m▀[0;38;2;255;240;188;48;2;106;58;6m▀[0;38;2;255;240;188;48;2;255;240;188m▀▀▀▀▀▀▀▀[0;38;2;247;200;60;48;2;247;200;60m▀[0;38;2;217;154;30;48;2;217;154;30m▀▀[0;38;2;106;58;6;48;2;217;154;30m▀[0;38;2;247;200;60;48;2;106;58;6m▀[0;38;2;106;58;6;48;2;106;58;6m▀[0;38;2;106;58;6;48;2;255;240;154m▀[0;38;2;255;240;154;48;2;255;240;154m▀[0;38;2;247;200;60;48;2;247;200;60m▀▀[0;38;2;217;154;30;48;2;217;154;30m▀[0;38;2;106;58;6;48;2;106;58;6m▀[0;38;2;90;26;36;48;2;54;16;30m▀[0;38;2;54;16;30;48;2;90;26;36m▀[0;38;2;90;26;36;48;2;54;16;30m▀[0;38;2;54;16;30;48;2;54;16;30m▀[0;38;2;255;224;122;48;2;54;16;30m▀[0;38;2;54;16;30;48;2;54;16;30m▀▀[0m
[0;38;2;30;10;22;48;2;30;10;22m▀▀[0;38;2;255;138;42;48;2;30;10;22m▀[0;38;2;54;16;30;48;2;30;10;22m▀[0;38;2;30;10;22;48;2;54;16;30m▀[0;38;2;54;16;30;48;2;30;10;22m▀[0;38;2;54;16;30;48;2;54;16;30m▀▀▀▀▀▀▀[0;38;2;90;26;36;48;2;54;16;30m▀[0;38;2;54;16;30;48;2;90;26;36m▀[0;38;2;90;26;36;48;2;54;16;30m▀[0;38;2;90;26;36;48;2;90;26;36m▀▀▀[0;38;2;106;58;6;48;2;106;58;6m▀[0;38;2;255;240;154;48;2;255;240;154m▀[0;38;2;247;200;60;48;2;247;200;60m▀[0;38;2;106;58;6;48;2;247;200;60m▀[0;38;2;255;240;188;48;2;106;58;6m▀[0;38;2;255;240;188;48;2;226;194;122m▀▀▀▀[0;38;2;226;194;122;48;2;217;154;30m▀[0;38;2;247;200;60;48;2;217;154;30m▀[0;38;2;217;154;30;48;2;217;154;30m▀▀[0;38;2;217;154;30;48;2;106;58;6m▀[0;38;2;106;58;6;48;2;247;200;60m▀[0;38;2;255;240;154;48;2;247;200;60m▀▀[0;38;2;247;200;60;48;2;217;154;30m▀▀[0;38;2;217;154;30;48;2;106;58;6m▀[0;38;2;217;154;30;48;2;54;16;30m▀[0;38;2;106;58;6;48;2;54;16;30m▀[0;38;2;90;26;36;48;2;54;16;30m▀[0;38;2;54;16;30;48;2;54;16;30m▀▀▀▀▀▀[0m
[0;38;2;30;10;22;48;2;30;10;22m▀▀▀▀▀[0;38;2;54;16;30;48;2;30;10;22m▀[0;38;2;30;10;22;48;2;54;16;30m▀[0;38;2;54;16;30;48;2;255;224;122m▀[0;38;2;54;16;30;48;2;54;16;30m▀▀▀▀▀▀▀▀▀[0;38;2;90;26;36;48;2;54;16;30m▀[0;38;2;54;16;30;48;2;90;26;36m▀[0;38;2;106;58;6;48;2;106;58;6m▀[0;38;2;247;200;60;48;2;247;200;60m▀▀▀[0;38;2;106;58;6;48;2;247;200;60m▀[0;38;2;106;58;6;48;2;106;58;6m▀[0;38;2;106;58;6;48;2;54;16;30m▀[0;38;2;106;58;6;48;2;106;58;6m▀[0;38;2;106;58;6;48;2;247;200;60m▀▀[0;38;2;217;154;30;48;2;247;200;60m▀[0;38;2;217;154;30;48;2;217;154;30m▀[0;38;2;106;58;6;48;2;106;58;6m▀[0;38;2;247;200;60;48;2;106;58;6m▀▀[0;38;2;217;154;30;48;2;106;58;6m▀▀[0;38;2;106;58;6;48;2;54;16;30m▀▀▀[0;38;2;54;16;30;48;2;54;16;30m▀▀▀▀▀[0;38;2;54;16;30;48;2;255;138;42m▀[0;38;2;54;16;30;48;2;30;10;22m▀[0;38;2;54;16;30;48;2;54;16;30m▀[0;38;2;54;16;30;48;2;30;10;22m▀[0m
[0;38;2;30;10;22;48;2;110;36;18m▀▀▀▀▀[0;38;2;30;10;22;48;2;30;10;22m▀▀[0;38;2;54;16;30;48;2;30;10;22m▀[0;38;2;30;10;22;48;2;110;36;18m▀[0;38;2;54;16;30;48;2;110;36;18m▀▀▀▀▀▀[0;38;2;54;16;30;48;2;54;16;30m▀▀[0;38;2;106;58;6;48;2;106;58;6m▀[0;38;2;106;58;6;48;2;255;244;226m▀[0;38;2;255;240;154;48;2;247;200;60m▀[0;38;2;247;200;60;48;2;255;244;226m▀[0;38;2;247;200;60;48;2;247;200;60m▀▀▀[0;38;2;106;58;6;48;2;106;58;6m▀[0;38;2;90;26;36;48;2;54;16;30m▀[0;38;2;106;58;6;48;2;106;58;6m▀[0;38;2;247;200;60;48;2;255;244;226m▀[0;38;2;247;200;60;48;2;247;200;60m▀[0;38;2;247;200;60;48;2;255;244;226m▀[0;38;2;247;200;60;48;2;247;200;60m▀[0;38;2;106;58;6;48;2;247;200;60m▀[0;38;2;106;58;6;48;2;106;58;6m▀[0;38;2;54;16;30;48;2;110;36;18m▀▀[0;38;2;54;16;30;48;2;54;16;30m▀▀▀▀▀[0;38;2;54;16;30;48;2;110;36;18m▀▀▀▀[0;38;2;110;36;18;48;2;20;6;9m▀[0;38;2;54;16;30;48;2;30;10;22m▀[0;38;2;30;10;22;48;2;30;10;22m▀▀[0m
[0;38;2;20;6;9;48;2;20;6;9m▀▀▀[0;38;2;20;6;9;48;2;255;106;26m▀[0;38;2;255;106;26;48;2;20;6;9m▀[0;38;2;110;36;18;48;2;20;6;9m▀▀▀[0;38;2;20;6;9;48;2;20;6;9m▀▀▀▀[0;38;2;20;6;9;48;2;255;106;26m▀▀[0;38;2;20;6;9;48;2;20;6;9m▀[0;38;2;110;36;18;48;2;20;6;9m▀▀▀[0;38;2;106;58;6;48;2;20;6;9m▀▀▀▀▀▀▀[0;38;2;110;36;18;48;2;20;6;9m▀▀[0;38;2;106;58;6;48;2;20;6;9m▀▀▀▀▀▀[0;38;2;20;6;9;48;2;20;6;9m▀▀[0;38;2;110;36;18;48;2;255;106;26m▀[0;38;2;110;36;18;48;2;20;6;9m▀▀▀▀[0;38;2;20;6;9;48;2;20;6;9m▀[0;38;2;255;106;26;48;2;20;6;9m▀[0;38;2;20;6;9;48;2;255;106;26m▀[0;38;2;20;6;9;48;2;20;6;9m▀▀[0;38;2;110;36;18;48;2;20;6;9m▀▀▀[0m
