[0m  [0;38;2;255;243;166;48;2;255;255;255m▀[0m     [0;38;2;92;26;12m▄▄▄▄▄[0m [0;38;2;255;243;166m▄[0m     [0;38;2;255;243;166m▄[0m[0m
[0;38;2;255;243;166m▀[0;38;2;255;255;255m▀[0;38;2;255;255;255;48;2;255;255;255m▀[0;38;2;255;255;255m▀[0;38;2;255;243;166m▀[0;38;2;92;26;12m▄[0;38;2;92;26;12;48;2;255;255;255m▀▀[0;38;2;255;187;116;48;2;255;187;116m▀▀▀▀[0;38;2;245;136;58;48;2;245;136;58m▀[0;38;2;92;26;12;48;2;245;136;58m▀▀[0;38;2;92;26;12m▄[0m     [0;38;2;159;232;255m▄[0m     [0;38;2;192;32;14;48;2;242;82;28m▀[0;38;2;192;32;14m▄[0m[0m
[0m  [0;38;2;255;243;166m▀[0;38;2;92;26;12m▄[0;38;2;92;26;12;48;2;255;187;116m▀[0;38;2;255;187;116;48;2;255;187;116m▀▀▀▀[0;38;2;255;187;116;48;2;245;136;58m▀▀[0;38;2;245;136;58;48;2;245;136;58m▀▀▀▀▀[0;38;2;92;26;12;48;2;245;136;58m▀[0;38;2;92;26;12m▄[0m  [0;38;2;159;232;255m▀[0;38;2;255;255;255;48;2;159;232;255m▀[0;38;2;159;232;255m▀[0m  [0;38;2;192;32;14m▄[0;38;2;192;32;14;48;2;242;82;28m▀[0;38;2;242;82;28;48;2;255;161;42m▀[0;38;2;192;32;14;48;2;242;82;28m▀[0m[0m
[0m [0;38;2;92;26;12m▄[0;38;2;92;26;12;48;2;255;187;116m▀[0;38;2;255;187;116;48;2;255;187;116m▀▀▀▀[0;38;2;255;187;116;48;2;28;34;56m▀[0;38;2;28;34;56;48;2;255;255;255m▀[0;38;2;28;34;56;48;2;28;34;56m▀[0;38;2;245;136;58;48;2;28;34;56m▀[0;38;2;245;136;58;48;2;245;136;58m▀▀▀▀▀▀[0;38;2;207;84;32;48;2;207;84;32m▀[0;38;2;92;26;12;48;2;92;26;12m▀[0m     [0;38;2;192;32;14;48;2;242;82;28m▀[0;38;2;242;82;28;48;2;255;161;42m▀[0;38;2;255;161;42;48;2;255;224;102m▀[0;38;2;242;82;28;48;2;255;161;42m▀[0;38;2;192;32;14;48;2;242;82;28m▀[0m[0m
[0;38;2;92;26;12m▄[0;38;2;92;26;12;48;2;255;187;116m▀[0;38;2;255;187;116;48;2;245;136;58m▀▀[0;38;2;245;136;58;48;2;245;136;58m▀▀▀[0;38;2;28;34;56;48;2;28;34;56m▀[0;38;2;255;255;255;48;2;61;111;184m▀[0;38;2;28;34;56;48;2;28;34;56m▀▀[0;38;2;245;136;58;48;2;245;136;58m▀▀▀▀[0;38;2;245;136;58;48;2;207;84;32m▀[0;38;2;207;84;32;48;2;207;84;32m▀▀[0;38;2;92;26;12;48;2;92;26;12m▀[0m    [0;38;2;192;32;14;48;2;242;82;28m▀[0;38;2;242;82;28;48;2;255;161;42m▀[0;38;2;255;161;42;48;2;255;224;102m▀[0;38;2;255;224;102;48;2;255;251;214m▀[0;38;2;255;161;42;48;2;255;224;102m▀[0;38;2;242;82;28;48;2;255;161;42m▀[0;38;2;192;32;14;48;2;242;82;28m▀[0m[0m
[0;38;2;92;26;12;48;2;92;26;12m▀[0;38;2;245;136;58;48;2;92;26;12m▀▀[0;38;2;207;84;32;48;2;92;26;12m▀[0;38;2;245;136;58;48;2;92;26;12m▀▀▀▀[0;38;2;28;34;56;48;2;92;26;12m▀▀[0;38;2;245;136;58;48;2;92;26;12m▀[0;38;2;92;26;12;48;2;245;136;58m▀[0;38;2;245;136;58;48;2;245;136;58m▀[0;38;2;245;136;58;48;2;207;84;32m▀[0;38;2;207;84;32;48;2;207;84;32m▀▀▀[0;38;2;92;26;12;48;2;92;26;12m▀[0m     [0;38;2;242;82;28;48;2;192;32;14m▀[0;38;2;255;161;42;48;2;255;161;42m▀[0;38;2;255;224;102;48;2;255;224;102m▀[0;38;2;255;251;214;48;2;255;224;102m▀[0;38;2;255;224;102;48;2;255;224;102m▀[0;38;2;255;161;42;48;2;255;161;42m▀[0;38;2;242;82;28;48;2;192;32;14m▀[0m[0m
[0m [0;38;2;92;26;12m▀[0;38;2;245;136;58;48;2;92;26;12m▀▀▀▀▀[0;38;2;245;136;58;48;2;207;84;32m▀[0;38;2;207;84;32;48;2;207;84;32m▀▀▀▀▀▀[0;38;2;207;84;32;48;2;92;26;12m▀▀[0;38;2;92;26;12m▀[0m       [0;38;2;192;32;14m▀[0;38;2;255;161;42;48;2;192;32;14m▀▀▀[0;38;2;192;32;14m▀[0m  [0;38;2;255;243;166m▀[0m
[0m     [0;38;2;92;26;12m▄[0;38;2;92;26;12;48;2;255;187;116m▀[0;38;2;92;26;12;48;2;245;136;58m▀[0;38;2;255;187;116;48;2;92;26;12m▀[0;38;2;245;136;58;48;2;251;227;162m▀▀▀▀[0;38;2;245;136;58;48;2;245;136;58m▀[0;38;2;207;84;32;48;2;245;136;58m▀▀[0;38;2;92;26;12;48;2;207;84;32m▀[0;38;2;92;26;12m▄[0m      [0;38;2;92;26;12m▄[0;38;2;92;26;12;48;2;245;136;58m▀[0;38;2;245;136;58;48;2;245;136;58m▀[0;38;2;92;26;12;48;2;92;26;12m▀[0m[0m
[0m   [0;38;2;92;26;12m▄[0;38;2;92;26;12;48;2;245;136;58m▀[0;38;2;255;187;116;48;2;245;136;58m▀[0;38;2;245;136;58;48;2;92;26;12m▀[0;38;2;92;26;12;48;2;251;227;162m▀[0;38;2;251;227;162;48;2;251;227;162m▀▀▀▀▀▀[0;38;2;245;136;58;48;2;251;227;162m▀[0;38;2;245;136;58;48;2;245;136;58m▀▀[0;38;2;207;84;32;48;2;207;84;32m▀[0;38;2;92;26;12;48;2;92;26;12m▀[0;38;2;92;26;12m▄[0m   [0;38;2;92;26;12m▄[0;38;2;92;26;12;48;2;255;187;116m▀[0;38;2;245;136;58;48;2;245;136;58m▀[0;38;2;245;136;58;48;2;207;84;32m▀[0;38;2;92;26;12;48;2;92;26;12m▀[0m[0m
[0m  [0;38;2;92;26;12m▀[0;38;2;255;244;226;48;2;92;26;12m▀[0;38;2;92;26;12m▀[0;38;2;255;244;226;48;2;92;26;12m▀[0;38;2;92;26;12;48;2;251;227;162m▀[0;38;2;251;227;162;48;2;251;227;162m▀▀▀▀▀▀▀▀[0;38;2;245;136;58;48;2;245;136;58m▀[0;38;2;245;136;58;48;2;207;84;32m▀[0;38;2;207;84;32;48;2;207;84;32m▀[0;38;2;92;26;12;48;2;92;26;12m▀[0;38;2;245;136;58;48;2;245;136;58m▀[0;38;2;92;26;12;48;2;92;26;12m▀[0;38;2;92;26;12m▄[0;38;2;92;26;12;48;2;255;187;116m▀[0;38;2;255;187;116;48;2;245;136;58m▀[0;38;2;245;136;58;48;2;245;136;58m▀[0;38;2;207;84;32;48;2;207;84;32m▀[0;38;2;92;26;12;48;2;92;26;12m▀[0m[0m
[0m [0;38;2;159;232;255m▄[0m   [0;38;2;92;26;12m▄[0;38;2;92;26;12;48;2;255;187;116m▀[0;38;2;251;227;162;48;2;245;136;58m▀[0;38;2;251;227;162;48;2;92;26;12m▀[0;38;2;251;227;162;48;2;251;227;162m▀▀▀▀▀[0;38;2;251;227;162;48;2;230;181;110m▀[0;38;2;245;136;58;48;2;245;136;58m▀[0;38;2;207;84;32;48;2;207;84;32m▀▀▀[0;38;2;92;26;12;48;2;92;26;12m▀[0;38;2;92;26;12;48;2;255;187;116m▀[0;38;2;255;187;116;48;2;255;187;116m▀[0;38;2;255;187;116;48;2;245;136;58m▀[0;38;2;245;136;58;48;2;245;136;58m▀[0;38;2;245;136;58;48;2;207;84;32m▀[0;38;2;207;84;32;48;2;207;84;32m▀[0;38;2;92;26;12;48;2;92;26;12m▀[0m  [0;38;2;255;243;166m▄[0m[0m
[0;38;2;159;232;255m▀[0;38;2;255;255;255;48;2;159;232;255m▀[0;38;2;159;232;255m▀[0m  [0;38;2;92;26;12;48;2;92;26;12m▀[0;38;2;255;187;116;48;2;245;136;58m▀[0;38;2;245;136;58;48;2;245;136;58m▀▀[0;38;2;92;26;12;48;2;92;26;12m▀[0;38;2;230;181;110;48;2;92;26;12m▀▀▀▀[0;38;2;207;84;32;48;2;92;26;12m▀[0;38;2;207;84;32;48;2;207;84;32m▀▀[0;38;2;207;84;32;48;2;92;26;12m▀[0;38;2;92;26;12;48;2;245;136;58m▀[0;38;2;245;136;58;48;2;245;136;58m▀[0;38;2;245;136;58;48;2;207;84;32m▀▀[0;38;2;207;84;32;48;2;92;26;12m▀▀[0;38;2;92;26;12;48;2;92;26;12m▀[0m   [0;38;2;255;243;166m▀[0;38;2;255;255;255;48;2;255;243;166m▀[0;38;2;255;243;166m▀[0m[0m
[0m   [0;38;2;92;26;12m▄▄[0;38;2;92;26;12;48;2;255;187;116m▀[0;38;2;245;136;58;48;2;245;136;58m▀▀▀▀[0;38;2;92;26;12;48;2;92;26;12m▀[0m [0;38;2;92;26;12;48;2;92;26;12m▀[0;38;2;245;136;58;48;2;245;136;58m▀▀▀[0;38;2;207;84;32;48;2;245;136;58m▀[0;38;2;92;26;12;48;2;92;26;12m▀▀[0;38;2;92;26;12m▀▀▀[0;38;2;255;243;166m▄[0m[0m
[0m   [0;38;2;92;26;12m▀[0;38;2;255;244;226;48;2;92;26;12m▀[0;38;2;245;136;58;48;2;92;26;12m▀[0;38;2;255;244;226;48;2;92;26;12m▀[0;38;2;245;136;58;48;2;92;26;12m▀▀▀[0;38;2;92;26;12;48;2;92;26;12m▀[0m [0;38;2;92;26;12m▀[0;38;2;255;244;226;48;2;92;26;12m▀[0;38;2;245;136;58;48;2;92;26;12m▀[0;38;2;255;244;226;48;2;92;26;12m▀[0;38;2;245;136;58;48;2;92;26;12m▀▀[0;38;2;92;26;12;48;2;92;26;12m▀[0m[0m
