[0m        [0;38;2;106;58;6m▄▄▄▄▄[0m[0m
[0m     [0;38;2;106;58;6m▄[0;38;2;106;58;6;48;2;255;240;154m▀▀[0;38;2;255;240;154;48;2;255;240;154m▀▀▀▀[0;38;2;247;200;60;48;2;247;200;60m▀[0;38;2;106;58;6;48;2;247;200;60m▀▀[0;38;2;106;58;6m▄[0m           [0;38;2;192;32;14;48;2;242;82;28m▀[0;38;2;192;32;14m▄[0m[0m
[0m   [0;38;2;106;58;6m▄[0;38;2;106;58;6;48;2;255;240;154m▀[0;38;2;255;240;154;48;2;255;240;154m▀▀▀▀[0;38;2;255;240;154;48;2;247;200;60m▀▀[0;38;2;247;200;60;48;2;247;200;60m▀▀▀▀▀[0;38;2;106;58;6;48;2;247;200;60m▀[0;38;2;106;58;6m▄[0m       [0;38;2;192;32;14m▄[0;38;2;192;32;14;48;2;242;82;28m▀[0;38;2;242;82;28;48;2;255;161;42m▀[0;38;2;192;32;14;48;2;242;82;28m▀[0m[0m
[0m [0;38;2;106;58;6m▄[0;38;2;106;58;6;48;2;255;240;154m▀[0;38;2;255;240;154;48;2;255;240;154m▀▀▀▀[0;38;2;255;240;154;48;2;28;34;56m▀[0;38;2;28;34;56;48;2;255;255;255m▀[0;38;2;28;34;56;48;2;28;34;56m▀[0;38;2;247;200;60;48;2;28;34;56m▀[0;38;2;247;200;60;48;2;247;200;60m▀▀▀▀▀▀[0;38;2;217;154;30;48;2;217;154;30m▀[0;38;2;106;58;6;48;2;106;58;6m▀[0m     [0;38;2;192;32;14;48;2;242;82;28m▀[0;38;2;242;82;28;48;2;255;161;42m▀[0;38;2;255;161;42;48;2;255;224;102m▀[0;38;2;242;82;28;48;2;255;161;42m▀[0;38;2;192;32;14;48;2;242;82;28m▀[0m[0m
[0;38;2;106;58;6m▄[0;38;2;106;58;6;48;2;255;240;154m▀[0;38;2;255;240;154;48;2;247;200;60m▀▀[0;38;2;247;200;60;48;2;247;200;60m▀▀▀[0;38;2;28;34;56;48;2;28;34;56m▀[0;38;2;255;255;255;48;2;61;111;184m▀[0;38;2;28;34;56;48;2;28;34;56m▀▀[0;38;2;247;200;60;48;2;247;200;60m▀▀▀▀[0;38;2;247;200;60;48;2;217;154;30m▀[0;38;2;217;154;30;48;2;217;154;30m▀▀[0;38;2;106;58;6;48;2;106;58;6m▀[0m    [0;38;2;192;32;14;48;2;242;82;28m▀[0;38;2;242;82;28;48;2;255;161;42m▀[0;38;2;255;161;42;48;2;255;224;102m▀[0;38;2;255;224;102;48;2;255;251;214m▀[0;38;2;255;161;42;48;2;255;224;102m▀[0;38;2;242;82;28;48;2;255;161;42m▀[0;38;2;192;32;14;48;2;242;82;28m▀[0m[0m
[0;38;2;106;58;6;48;2;106;58;6m▀[0;38;2;247;200;60;48;2;106;58;6m▀▀[0;38;2;217;154;30;48;2;106;58;6m▀[0;38;2;247;200;60;48;2;106;58;6m▀▀▀▀[0;38;2;28;34;56;48;2;106;58;6m▀▀[0;38;2;247;200;60;48;2;106;58;6m▀[0;38;2;106;58;6;48;2;247;200;60m▀[0;38;2;247;200;60;48;2;247;200;60m▀[0;38;2;247;200;60;48;2;217;154;30m▀[0;38;2;217;154;30;48;2;217;154;30m▀▀▀[0;38;2;106;58;6;48;2;106;58;6m▀[0m     [0;38;2;242;82;28;48;2;192;32;14m▀[0;38;2;255;161;42;48;2;255;161;42m▀[0;38;2;255;224;102;48;2;255;224;102m▀[0;38;2;255;251;214;48;2;255;224;102m▀[0;38;2;255;224;102;48;2;255;224;102m▀[0;38;2;255;161;42;48;2;255;161;42m▀[0;38;2;242;82;28;48;2;192;32;14m▀[0m[0m
[0m [0;38;2;106;58;6m▀[0;38;2;247;200;60;48;2;106;58;6m▀▀▀▀▀[0;38;2;247;200;60;48;2;217;154;30m▀[0;38;2;217;154;30;48;2;217;154;30m▀▀▀▀▀▀[0;38;2;217;154;30;48;2;106;58;6m▀▀[0;38;2;106;58;6m▀[0m       [0;38;2;192;32;14m▀[0;38;2;255;161;42;48;2;192;32;14m▀▀▀[0;38;2;192;32;14m▀[0m[0m
[0m     [0;38;2;106;58;6m▄[0;38;2;106;58;6;48;2;255;240;154m▀[0;38;2;106;58;6;48;2;247;200;60m▀[0;38;2;255;240;154;48;2;106;58;6m▀[0;38;2;247;200;60;48;2;255;240;188m▀▀▀▀[0;38;2;247;200;60;48;2;247;200;60m▀[0;38;2;217;154;30;48;2;247;200;60m▀▀[0;38;2;106;58;6;48;2;217;154;30m▀[0;38;2;106;58;6m▄[0m      [0;38;2;106;58;6m▄[0;38;2;106;58;6;48;2;247;200;60m▀[0;38;2;247;200;60;48;2;247;200;60m▀[0;38;2;106;58;6;48;2;106;58;6m▀[0m[0m
[0m   [0;38;2;106;58;6m▄[0;38;2;106;58;6;48;2;247;200;60m▀[0;38;2;255;240;154;48;2;247;200;60m▀[0;38;2;247;200;60;48;2;106;58;6m▀[0;38;2;106;58;6;48;2;255;240;188m▀[0;38;2;255;240;188;48;2;255;240;188m▀▀▀▀▀▀[0;38;2;247;200;60;48;2;255;240;188m▀[0;38;2;247;200;60;48;2;247;200;60m▀▀[0;38;2;217;154;30;48;2;217;154;30m▀[0;38;2;106;58;6;48;2;106;58;6m▀[0;38;2;106;58;6m▄[0m   [0;38;2;106;58;6m▄[0;38;2;106;58;6;48;2;255;240;154m▀[0;38;2;247;200;60;48;2;247;200;60m▀[0;38;2;247;200;60;48;2;217;154;30m▀[0;38;2;106;58;6;48;2;106;58;6m▀[0m[0m
[0m  [0;38;2;106;58;6m▀[0;38;2;255;244;226;48;2;106;58;6m▀[0;38;2;106;58;6m▀[0;38;2;255;244;226;48;2;106;58;6m▀[0;38;2;106;58;6;48;2;255;240;188m▀[0;38;2;255;240;188;48;2;255;240;188m▀▀▀▀▀▀▀▀[0;38;2;247;200;60;48;2;247;200;60m▀[0;38;2;247;200;60;48;2;217;154;30m▀[0;38;2;217;154;30;48;2;217;154;30m▀[0;38;2;106;58;6;48;2;106;58;6m▀[0;38;2;247;200;60;48;2;247;200;60m▀[0;38;2;106;58;6;48;2;106;58;6m▀[0;38;2;106;58;6m▄[0;38;2;106;58;6;48;2;255;240;154m▀[0;38;2;255;240;154;48;2;247;200;60m▀[0;38;2;247;200;60;48;2;247;200;60m▀[0;38;2;217;154;30;48;2;217;154;30m▀[0;38;2;106;58;6;48;2;106;58;6m▀[0m[0m
[0m     [0;38;2;106;58;6m▄[0;38;2;106;58;6;48;2;255;240;154m▀[0;38;2;255;240;188;48;2;247;200;60m▀[0;38;2;255;240;188;48;2;106;58;6m▀[0;38;2;255;240;188;48;2;255;240;188m▀▀▀▀▀[0;38;2;255;240;188;48;2;226;194;122m▀[0;38;2;247;200;60;48;2;247;200;60m▀[0;38;2;217;154;30;48;2;217;154;30m▀▀▀[0;38;2;106;58;6;48;2;106;58;6m▀[0;38;2;106;58;6;48;2;255;240;154m▀[0;38;2;255;240;154;48;2;255;240;154m▀[0;38;2;255;240;154;48;2;247;200;60m▀[0;38;2;247;200;60;48;2;247;200;60m▀[0;38;2;247;200;60;48;2;217;154;30m▀[0;38;2;217;154;30;48;2;217;154;30m▀[0;38;2;106;58;6;48;2;106;58;6m▀[0m[0m
[0m     [0;38;2;106;58;6;48;2;106;58;6m▀[0;38;2;255;240;154;48;2;247;200;60m▀[0;38;2;247;200;60;48;2;247;200;60m▀▀[0;38;2;106;58;6;48;2;106;58;6m▀[0;38;2;226;194;122;48;2;106;58;6m▀▀▀▀[0;38;2;217;154;30;48;2;106;58;6m▀[0;38;2;217;154;30;48;2;217;154;30m▀▀[0;38;2;217;154;30;48;2;106;58;6m▀[0;38;2;106;58;6;48;2;247;200;60m▀[0;38;2;247;200;60;48;2;247;200;60m▀[0;38;2;247;200;60;48;2;217;154;30m▀▀[0;38;2;217;154;30;48;2;106;58;6m▀▀[0;38;2;106;58;6;48;2;106;58;6m▀[0m[0m
[0m   [0;38;2;106;58;6m▄▄[0;38;2;106;58;6;48;2;255;240;154m▀[0;38;2;247;200;60;48;2;247;200;60m▀▀▀▀[0;38;2;106;58;6;48;2;106;58;6m▀[0m [0;38;2;106;58;6;48;2;106;58;6m▀[0;38;2;247;200;60;48;2;247;200;60m▀▀▀[0;38;2;217;154;30;48;2;247;200;60m▀[0;38;2;106;58;6;48;2;106;58;6m▀▀[0;38;2;106;58;6m▀▀▀[0m[0m
[0m   [0;38;2;106;58;6m▀[0;38;2;255;244;226;48;2;106;58;6m▀[0;38;2;247;200;60;48;2;106;58;6m▀[0;38;2;255;244;226;48;2;106;58;6m▀[0;38;2;247;200;60;48;2;106;58;6m▀▀▀[0;38;2;106;58;6;48;2;106;58;6m▀[0m [0;38;2;106;58;6m▀[0;38;2;255;244;226;48;2;106;58;6m▀[0;38;2;247;200;60;48;2;106;58;6m▀[0;38;2;255;244;226;48;2;106;58;6m▀[0;38;2;247;200;60;48;2;106;58;6m▀▀[0;38;2;106;58;6;48;2;106;58;6m▀[0m[0m
