[0;38;2;94;60;8;48;2;94;60;8m▀[0;38;2;94;60;8;48;2;255;224;122m▀▀▀▀▀▀▀▀▀▀▀▀▀▀▀▀▀▀▀▀[0;38;2;94;60;8;48;2;92;66;8m▀▀▀▀▀[0;38;2;94;60;8;48;2;255;224;122m▀▀▀▀▀▀▀▀▀▀▀▀▀▀▀▀▀▀▀▀[0;38;2;94;60;8;48;2;184;132;28m▀[0;38;2;94;60;8;48;2;94;60;8m▀[0m
[0;38;2;94;60;8;48;2;94;60;8m▀[0;38;2;255;224;122;48;2;255;224;122m▀[0;38;2;94;60;8;48;2;94;60;8m▀[0;38;2;94;60;8;48;2;106;74;20m▀▀[0;38;2;94;60;8;48;2;255;243;166m▀[0;38;2;94;60;8;48;2;106;74;20m▀▀[0;38;2;94;60;8;48;2;126;90;26m▀▀[0;38;2;94;60;8;48;2;106;74;20m▀▀▀▀▀▀▀[0;38;2;94;60;8;48;2;92;66;8m▀[0;38;2;92;66;8;48;2;255;244;160m▀▀▀[0;38;2;255;244;160;48;2;255;244;160m▀▀▀▀[0;38;2;246;216;74;48;2;255;244;160m▀[0;38;2;92;66;8;48;2;246;216;74m▀▀[0;38;2;94;60;8;48;2;92;66;8m▀[0;38;2;94;60;8;48;2;255;243;166m▀[0;38;2;255;243;166;48;2;255;255;255m▀[0;38;2;94;60;8;48;2;255;243;166m▀[0;38;2;94;60;8;48;2;106;74;20m▀▀▀▀▀▀▀▀▀[0;38;2;94;60;8;48;2;92;66;8m▀[0;38;2;94;60;8;48;2;126;90;26m▀▀[0;38;2;94;60;8;48;2;106;74;20m▀[0;38;2;94;60;8;48;2;94;60;8m▀[0;38;2;184;132;28;48;2;184;132;28m▀[0;38;2;94;60;8;48;2;94;60;8m▀[0m
[0;38;2;94;60;8;48;2;94;60;8m▀[0;38;2;255;224;122;48;2;255;224;122m▀[0;38;2;94;60;8;48;2;94;60;8m▀[0;38;2;106;74;20;48;2;255;243;166m▀[0;38;2;106;74;20;48;2;255;255;255m▀[0;38;2;255;255;255;48;2;255;255;255m▀[0;38;2;106;74;20;48;2;255;255;255m▀[0;38;2;126;90;26;48;2;255;243;166m▀[0;38;2;126;90;26;48;2;106;74;20m▀▀[0;38;2;106;74;20;48;2;106;74;20m▀▀▀▀▀[0;38;2;106;74;20;48;2;92;66;8m▀[0;38;2;92;66;8;48;2;255;244;160m▀[0;38;2;255;244;160;48;2;255;244;160m▀▀▀▀▀[0;38;2;255;244;160;48;2;92;66;8m▀▀[0;38;2;255;244;160;48;2;246;216;74m▀[0;38;2;246;216;74;48;2;246;216;74m▀▀▀▀▀[0;38;2;255;243;166;48;2;246;216;74m▀[0;38;2;148;112;42;48;2;92;66;8m▀[0;38;2;106;74;20;48;2;106;74;20m▀▀▀▀▀▀▀[0;38;2;106;74;20;48;2;126;90;26m▀[0;38;2;126;90;26;48;2;92;66;8m▀[0;38;2;200;160;32;48;2;200;160;32m▀[0;38;2;92;66;8;48;2;92;66;8m▀[0;38;2;106;74;20;48;2;106;74;20m▀▀[0;38;2;94;60;8;48;2;94;60;8m▀[0;38;2;184;132;28;48;2;184;132;28m▀[0;38;2;94;60;8;48;2;94;60;8m▀[0m
[0;38;2;94;60;8;48;2;94;60;8m▀[0;38;2;255;224;122;48;2;255;224;122m▀[0;38;2;94;60;8;48;2;94;60;8m▀[0;38;2;106;74;20;48;2;106;74;20m▀[0;38;2;106;74;20;48;2;126;90;26m▀[0;38;2;255;255;255;48;2;255;243;166m▀[0;38;2;126;90;26;48;2;106;74;20m▀▀[0;38;2;106;74;20;48;2;106;74;20m▀▀▀▀▀▀[0;38;2;92;66;8;48;2;92;66;8m▀[0;38;2;255;244;160;48;2;255;244;160m▀▀▀▀▀▀[0;38;2;92;66;8;48;2;92;66;8m▀[0;38;2;255;246;204;48;2;255;246;204m▀▀[0;38;2;92;66;8;48;2;92;66;8m▀[0;38;2;246;216;74;48;2;246;216;74m▀▀▀▀▀▀[0;38;2;200;160;32;48;2;200;160;32m▀[0;38;2;92;66;8;48;2;92;66;8m▀[0;38;2;106;74;20;48;2;106;74;20m▀▀▀▀[0;38;2;106;74;20;48;2;126;90;26m▀[0;38;2;126;90;26;48;2;126;90;26m▀[0;38;2;92;66;8;48;2;200;160;32m▀[0;38;2;200;160;32;48;2;246;216;74m▀[0;38;2;246;216;74;48;2;246;216;74m▀[0;38;2;92;66;8;48;2;200;160;32m▀[0;38;2;106;74;20;48;2;106;74;20m▀[0;38;2;92;66;8;48;2;200;160;32m▀[0;38;2;94;60;8;48;2;94;60;8m▀[0;38;2;184;132;28;48;2;184;132;28m▀[0;38;2;94;60;8;48;2;94;60;8m▀[0m
[0;38;2;94;60;8;48;2;94;60;8m▀[0;38;2;255;224;122;48;2;255;224;122m▀[0;38;2;94;60;8;48;2;94;60;8m▀[0;38;2;126;90;26;48;2;126;90;26m▀[0;38;2;126;90;26;48;2;106;74;20m▀▀[0;38;2;106;74;20;48;2;106;74;20m▀▀▀▀▀▀▀[0;38;2;92;66;8;48;2;92;66;8m▀[0;38;2;255;244;160;48;2;255;244;160m▀[0;38;2;255;244;160;48;2;246;216;74m▀▀[0;38;2;246;216;74;48;2;246;216;74m▀▀▀▀[0;38;2;92;66;8;48;2;92;66;8m▀▀[0;38;2;92;66;8;48;2;200;160;32m▀[0;38;2;92;66;8;48;2;92;66;8m▀[0;38;2;246;216;74;48;2;246;216;74m▀▀▀▀▀[0;38;2;200;160;32;48;2;200;160;32m▀▀[0;38;2;92;66;8;48;2;92;66;8m▀[0;38;2;106;74;20;48;2;106;74;20m▀▀[0;38;2;106;74;20;48;2;148;112;42m▀[0;38;2;148;112;42;48;2;148;112;42m▀[0;38;2;148;112;42;48;2;92;66;8m▀[0;38;2;92;66;8;48;2;200;160;32m▀[0;38;2;200;160;32;48;2;246;216;74m▀[0;38;2;246;216;74;48;2;255;244;160m▀[0;38;2;255;244;160;48;2;255;244;160m▀[0;38;2;246;216;74;48;2;246;216;74m▀[0;38;2;106;74;20;48;2;200;160;32m▀[0;38;2;92;66;8;48;2;106;74;20m▀[0;38;2;94;60;8;48;2;94;60;8m▀[0;38;2;184;132;28;48;2;184;132;28m▀[0;38;2;94;60;8;48;2;94;60;8m▀[0m
[0;38;2;94;60;8;48;2;94;60;8m▀[0;38;2;255;224;122;48;2;255;224;122m▀[0;38;2;94;60;8;48;2;94;60;8m▀[0;38;2;126;90;26;48;2;106;74;20m▀[0;38;2;106;74;20;48;2;106;74;20m▀▀[0;38;2;106;74;20;48;2;92;66;8m▀[0;38;2;106;74;20;48;2;106;74;20m▀▀▀▀[0;38;2;106;74;20;48;2;148;112;42m▀[0;38;2;148;112;42;48;2;148;112;42m▀[0;38;2;92;66;8;48;2;92;66;8m▀[0;38;2;246;216;74;48;2;246;216;74m▀[0;38;2;200;160;32;48;2;246;216;74m▀[0;38;2;246;216;74;48;2;246;216;74m▀▀▀▀▀▀[0;38;2;92;66;8;48;2;246;216;74m▀▀[0;38;2;246;216;74;48;2;246;216;74m▀▀▀▀[0;38;2;246;216;74;48;2;200;160;32m▀[0;38;2;200;160;32;48;2;200;160;32m▀▀▀[0;38;2;92;66;8;48;2;92;66;8m▀[0;38;2;106;74;20;48;2;148;112;42m▀[0;38;2;148;112;42;48;2;148;112;42m▀▀[0;38;2;106;74;20;48;2;92;66;8m▀[0;38;2;200;160;32;48;2;200;160;32m▀[0;38;2;246;216;74;48;2;246;216;74m▀[0;38;2;255;244;160;48;2;255;244;160m▀[0;38;2;255;244;160;48;2;255;246;204m▀[0;38;2;255;246;204;48;2;255;246;204m▀[0;38;2;246;216;74;48;2;255;244;160m▀[0;38;2;200;160;32;48;2;246;216;74m▀[0;38;2;106;74;20;48;2;92;66;8m▀[0;38;2;94;60;8;48;2;94;60;8m▀[0;38;2;184;132;28;48;2;184;132;28m▀[0;38;2;94;60;8;48;2;94;60;8m▀[0m
[0;38;2;92;66;8;48;2;200;160;32m▀[0;38;2;255;224;122;48;2;255;224;122m▀[0;38;2;94;60;8;48;2;94;60;8m▀[0;38;2;106;74;20;48;2;92;66;8m▀[0;38;2;106;74;20;48;2;200;160;32m▀[0;38;2;92;66;8;48;2;200;160;32m▀[0;38;2;200;160;32;48;2;246;216;74m▀▀[0;38;2;92;66;8;48;2;246;216;74m▀[0;38;2;106;74;20;48;2;200;160;32m▀[0;38;2;148;112;42;48;2;246;216;74m▀▀[0;38;2;106;74;20;48;2;246;216;74m▀[0;38;2;106;74;20;48;2;255;244;160m▀[0;38;2;92;66;8;48;2;255;246;204m▀[0;38;2;92;66;8;48;2;92;66;8m▀▀▀▀▀▀▀▀▀[0;38;2;246;216;74;48;2;246;216;74m▀▀▀[0;38;2;246;216;74;48;2;200;160;32m▀[0;38;2;200;160;32;48;2;200;160;32m▀▀[0;38;2;200;160;32;48;2;92;66;8m▀▀[0;38;2;92;66;8;48;2;148;112;42m▀[0;38;2;148;112;42;48;2;148;112;42m▀[0;38;2;106;74;20;48;2;106;74;20m▀▀[0;38;2;200;160;32;48;2;200;160;32m▀[0;38;2;246;216;74;48;2;246;216;74m▀[0;38;2;255;244;160;48;2;255;244;160m▀[0;38;2;255;246;204;48;2;255;246;204m▀▀▀[0;38;2;255;244;160;48;2;255;244;160m▀[0;38;2;246;216;74;48;2;246;216;74m▀[0;38;2;200;160;32;48;2;200;160;32m▀[0;38;2;94;60;8;48;2;94;60;8m▀[0;38;2;184;132;28;48;2;184;132;28m▀[0;38;2;94;60;8;48;2;94;60;8m▀[0m
[0;38;2;246;216;74;48;2;246;216;74m▀[0;38;2;200;160;32;48;2;246;216;74m▀[0;38;2;92;66;8;48;2;246;216;74m▀[0;38;2;200;160;32;48;2;246;216;74m▀[0;38;2;246;216;74;48;2;255;244;160m▀▀[0;38;2;255;244;160;48;2;255;246;204m▀▀▀▀▀[0;38;2;255;246;204;48;2;255;246;204m▀▀[0;38;2;255;246;204;48;2;255;244;160m▀▀[0;38;2;92;66;8;48;2;200;160;32m▀[0;38;2;246;216;74;48;2;92;66;8m▀[0;38;2;246;216;74;48;2;246;216;74m▀▀▀[0;38;2;92;66;8;48;2;246;216;74m▀▀▀[0;38;2;246;216;74;48;2;200;160;32m▀▀[0;38;2;200;160;32;48;2;200;160;32m▀[0;38;2;200;160;32;48;2;92;66;8m▀▀[0;38;2;92;66;8;48;2;106;74;20m▀[0;38;2;92;66;8;48;2;148;112;42m▀[0;38;2;148;112;42;48;2;148;112;42m▀▀[0;38;2;106;74;20;48;2;106;74;20m▀▀▀▀[0;38;2;92;66;8;48;2;106;74;20m▀[0;38;2;246;216;74;48;2;200;160;32m▀[0;38;2;255;244;160;48;2;246;216;74m▀[0;38;2;255;246;204;48;2;255;244;160m▀▀▀[0;38;2;255;244;160;48;2;246;216;74m▀[0;38;2;246;216;74;48;2;200;160;32m▀[0;38;2;92;66;8;48;2;106;74;20m▀[0;38;2;94;60;8;48;2;94;60;8m▀[0;38;2;184;132;28;48;2;184;132;28m▀[0;38;2;94;60;8;48;2;94;60;8m▀[0m
[0;38;2;255;244;160;48;2;255;246;204m▀▀▀▀[0;38;2;255;246;204;48;2;255;246;204m▀▀[0;38;2;255;246;204;48;2;255;244;160m▀▀▀[0;38;2;255;244;160;48;2;200;160;32m▀[0;38;2;246;216;74;48;2;106;74;20m▀[0;38;2;255;244;160;48;2;200;160;32m▀[0;38;2;246;216;74;48;2;200;160;32m▀[0;38;2;200;160;32;48;2;106;74;20m▀▀[0;38;2;106;74;20;48;2;106;74;20m▀[0;38;2;106;74;20;48;2;148;112;42m▀[0;38;2;92;66;8;48;2;148;112;42m▀[0;38;2;92;66;8;48;2;106;74;20m▀[0;38;2;92;66;8;48;2;148;112;42m▀[0;38;2;92;66;8;48;2;92;66;8m▀▀[0;38;2;92;66;8;48;2;255;244;160m▀[0;38;2;92;66;8;48;2;246;216;74m▀▀▀[0;38;2;148;112;42;48;2;246;216;74m▀[0;38;2;106;74;20;48;2;246;216;74m▀[0;38;2;148;112;42;48;2;200;160;32m▀▀[0;38;2;148;112;42;48;2;92;66;8m▀[0;38;2;106;74;20;48;2;106;74;20m▀▀▀▀▀▀[0;38;2;92;66;8;48;2;106;74;20m▀[0;38;2;200;160;32;48;2;92;66;8m▀[0;38;2;246;216;74;48;2;92;66;8m▀▀▀[0;38;2;200;160;32;48;2;92;66;8m▀[0;38;2;92;66;8;48;2;106;74;20m▀[0;38;2;106;74;20;48;2;106;74;20m▀[0;38;2;94;60;8;48;2;94;60;8m▀[0;38;2;184;132;28;48;2;184;132;28m▀[0;38;2;94;60;8;48;2;94;60;8m▀[0m
[0;38;2;255;244;160;48;2;255;244;160m▀[0;38;2;255;244;160;48;2;246;216;74m▀▀▀▀▀▀[0;38;2;246;216;74;48;2;200;160;32m▀▀[0;38;2;92;66;8;48;2;106;74;20m▀[0;38;2;106;74;20;48;2;106;74;20m▀▀▀▀[0;38;2;106;74;20;48;2;148;112;42m▀[0;38;2;148;112;42;48;2;148;112;42m▀[0;38;2;148;112;42;48;2;106;74;20m▀▀[0;38;2;106;74;20;48;2;92;66;8m▀[0;38;2;92;66;8;48;2;255;244;160m▀[0;38;2;255;244;160;48;2;246;216;74m▀[0;38;2;246;216;74;48;2;92;66;8m▀[0;38;2;92;66;8;48;2;255;246;208m▀[0;38;2;255;246;208;48;2;255;246;208m▀▀▀▀[0;38;2;246;216;74;48;2;255;246;208m▀[0;38;2;246;216;74;48;2;246;216;74m▀▀[0;38;2;200;160;32;48;2;246;216;74m▀[0;38;2;92;66;8;48;2;200;160;32m▀[0;38;2;106;74;20;48;2;92;66;8m▀[0;38;2;106;74;20;48;2;106;74;20m▀▀▀[0;38;2;106;74;20;48;2;126;90;26m▀[0;38;2;126;90;26;48;2;126;90;26m▀[0;38;2;92;66;8;48;2;92;66;8m▀[0;38;2;246;216;74;48;2;246;216;74m▀▀[0;38;2;92;66;8;48;2;92;66;8m▀[0;38;2;106;74;20;48;2;106;74;20m▀▀▀[0;38;2;94;60;8;48;2;94;60;8m▀[0;38;2;184;132;28;48;2;184;132;28m▀[0;38;2;94;60;8;48;2;94;60;8m▀[0m
[0;38;2;246;216;74;48;2;200;160;32m▀[0;38;2;200;160;32;48;2;92;66;8m▀▀[0;38;2;92;66;8;48;2;126;90;26m▀[0;38;2;200;160;32;48;2;106;74;20m▀[0;38;2;200;160;32;48;2;92;66;8m▀▀[0;38;2;92;66;8;48;2;106;74;20m▀[0;38;2;106;74;20;48;2;106;74;20m▀▀▀▀[0;38;2;106;74;20;48;2;126;90;26m▀[0;38;2;148;112;42;48;2;126;90;26m▀[0;38;2;148;112;42;48;2;106;74;20m▀▀[0;38;2;106;74;20;48;2;92;66;8m▀[0;38;2;92;66;8;48;2;255;246;204m▀[0;38;2;246;216;74;48;2;92;66;8m▀[0;38;2;246;216;74;48;2;255;246;204m▀[0;38;2;92;66;8;48;2;92;66;8m▀[0;38;2;255;246;208;48;2;255;246;208m▀▀▀▀▀▀▀▀[0;38;2;246;216;74;48;2;246;216;74m▀▀[0;38;2;200;160;32;48;2;200;160;32m▀[0;38;2;92;66;8;48;2;92;66;8m▀[0;38;2;92;66;8;48;2;246;216;74m▀[0;38;2;106;74;20;48;2;92;66;8m▀[0;38;2;126;90;26;48;2;126;90;26m▀[0;38;2;126;90;26;48;2;92;66;8m▀[0;38;2;92;66;8;48;2;255;244;160m▀[0;38;2;255;244;160;48;2;246;216;74m▀[0;38;2;246;216;74;48;2;200;160;32m▀[0;38;2;200;160;32;48;2;92;66;8m▀[0;38;2;92;66;8;48;2;106;74;20m▀[0;38;2;106;74;20;48;2;106;74;20m▀▀▀[0;38;2;94;60;8;48;2;94;60;8m▀[0;38;2;184;132;28;48;2;184;132;28m▀[0;38;2;94;60;8;48;2;94;60;8m▀[0m
[0;38;2;92;66;8;48;2;92;66;8m▀[0;38;2;92;66;8;48;2;255;224;122m▀[0;38;2;94;60;8;48;2;94;60;8m▀[0;38;2;106;74;20;48;2;106;74;20m▀▀▀[0;38;2;92;66;8;48;2;106;74;20m▀[0;38;2;106;74;20;48;2;106;74;20m▀▀[0;38;2;106;74;20;48;2;255;243;166m▀[0;38;2;106;74;20;48;2;126;90;26m▀[0;38;2;126;90;26;48;2;126;90;26m▀[0;38;2;126;90;26;48;2;106;74;20m▀▀[0;38;2;106;74;20;48;2;106;74;20m▀▀▀[0;38;2;92;66;8;48;2;106;74;20m▀[0;38;2;106;74;20;48;2;106;74;20m▀[0;38;2;92;66;8;48;2;106;74;20m▀[0;38;2;255;246;208;48;2;92;66;8m▀[0;38;2;255;246;208;48;2;255;246;208m▀▀▀▀▀▀▀▀[0;38;2;246;216;74;48;2;246;216;74m▀[0;38;2;200;160;32;48;2;200;160;32m▀▀[0;38;2;92;66;8;48;2;200;160;32m▀[0;38;2;246;216;74;48;2;92;66;8m▀[0;38;2;92;66;8;48;2;92;66;8m▀[0;38;2;92;66;8;48;2;255;244;160m▀[0;38;2;255;244;160;48;2;255;244;160m▀[0;38;2;246;216;74;48;2;246;216;74m▀▀[0;38;2;200;160;32;48;2;200;160;32m▀[0;38;2;92;66;8;48;2;92;66;8m▀[0;38;2;106;74;20;48;2;106;74;20m▀▀[0;38;2;106;74;20;48;2;126;90;26m▀[0;38;2;126;90;26;48;2;255;243;166m▀[0;38;2;94;60;8;48;2;94;60;8m▀[0;38;2;184;132;28;48;2;184;132;28m▀[0;38;2;94;60;8;48;2;94;60;8m▀[0m
[0;38;2;94;60;8;48;2;94;60;8m▀[0;38;2;255;224;122;48;2;255;224;122m▀[0;38;2;94;60;8;48;2;94;60;8m▀[0;38;2;106;74;20;48;2;106;74;20m▀▀▀▀[0;38;2;106;74;20;48;2;255;243;166m▀[0;38;2;106;74;20;48;2;255;255;255m▀[0;38;2;255;255;255;48;2;255;255;255m▀[0;38;2;126;90;26;48;2;255;255;255m▀[0;38;2;126;90;26;48;2;255;243;166m▀[0;38;2;106;74;20;48;2;106;74;20m▀▀▀▀▀▀▀[0;38;2;92;66;8;48;2;92;66;8m▀[0;38;2;255;244;160;48;2;255;244;160m▀[0;38;2;246;216;74;48;2;246;216;74m▀[0;38;2;92;66;8;48;2;246;216;74m▀[0;38;2;255;246;208;48;2;92;66;8m▀[0;38;2;255;246;208;48;2;236;210;124m▀▀▀▀[0;38;2;236;210;124;48;2;200;160;32m▀[0;38;2;246;216;74;48;2;200;160;32m▀[0;38;2;200;160;32;48;2;200;160;32m▀▀[0;38;2;200;160;32;48;2;92;66;8m▀[0;38;2;92;66;8;48;2;246;216;74m▀[0;38;2;255;244;160;48;2;246;216;74m▀▀[0;38;2;246;216;74;48;2;200;160;32m▀▀[0;38;2;200;160;32;48;2;92;66;8m▀[0;38;2;200;160;32;48;2;106;74;20m▀[0;38;2;92;66;8;48;2;106;74;20m▀[0;38;2;106;74;20;48;2;126;90;26m▀[0;38;2;126;90;26;48;2;126;90;26m▀[0;38;2;255;243;166;48;2;126;90;26m▀[0;38;2;255;255;255;48;2;255;243;166m▀[0;38;2;255;243;166;48;2;94;60;8m▀[0;38;2;184;132;28;48;2;184;132;28m▀[0;38;2;94;60;8;48;2;94;60;8m▀[0m
[0;38;2;94;60;8;48;2;94;60;8m▀[0;38;2;255;224;122;48;2;255;224;122m▀[0;38;2;94;60;8;48;2;94;60;8m▀[0;38;2;106;74;20;48;2;106;74;20m▀▀▀[0;38;2;106;74;20;48;2;126;90;26m▀[0;38;2;126;90;26;48;2;126;90;26m▀[0;38;2;126;90;26;48;2;106;74;20m▀[0;38;2;255;255;255;48;2;255;243;166m▀[0;38;2;106;74;20;48;2;106;74;20m▀▀▀▀▀▀▀[0;38;2;106;74;20;48;2;126;90;26m▀[0;38;2;126;90;26;48;2;126;90;26m▀[0;38;2;92;66;8;48;2;92;66;8m▀[0;38;2;246;216;74;48;2;246;216;74m▀▀▀[0;38;2;92;66;8;48;2;246;216;74m▀[0;38;2;92;66;8;48;2;92;66;8m▀[0;38;2;92;66;8;48;2;106;74;20m▀[0;38;2;92;66;8;48;2;92;66;8m▀[0;38;2;92;66;8;48;2;246;216;74m▀▀[0;38;2;200;160;32;48;2;246;216;74m▀[0;38;2;200;160;32;48;2;200;160;32m▀[0;38;2;92;66;8;48;2;92;66;8m▀[0;38;2;246;216;74;48;2;92;66;8m▀▀[0;38;2;200;160;32;48;2;92;66;8m▀▀[0;38;2;92;66;8;48;2;106;74;20m▀▀▀[0;38;2;106;74;20;48;2;126;90;26m▀[0;38;2;126;90;26;48;2;126;90;26m▀▀[0;38;2;106;74;20;48;2;106;74;20m▀▀▀[0;38;2;94;60;8;48;2;94;60;8m▀[0;38;2;184;132;28;48;2;184;132;28m▀[0;38;2;94;60;8;48;2;94;60;8m▀[0m
[0;38;2;94;60;8;48;2;94;60;8m▀[0;38;2;255;224;122;48;2;255;224;122m▀[0;38;2;94;60;8;48;2;94;60;8m▀[0;38;2;106;74;20;48;2;94;60;8m▀▀[0;38;2;126;90;26;48;2;94;60;8m▀▀▀[0;38;2;106;74;20;48;2;94;60;8m▀▀▀▀▀▀▀▀[0;38;2;126;90;26;48;2;94;60;8m▀[0;38;2;92;66;8;48;2;92;66;8m▀[0;38;2;92;66;8;48;2;255;246;204m▀[0;38;2;255;244;160;48;2;246;216;74m▀[0;38;2;246;216;74;48;2;255;246;204m▀[0;38;2;246;216;74;48;2;246;216;74m▀▀▀[0;38;2;92;66;8;48;2;92;66;8m▀[0;38;2;106;74;20;48;2;94;60;8m▀[0;38;2;92;66;8;48;2;92;66;8m▀[0;38;2;246;216;74;48;2;255;246;204m▀[0;38;2;246;216;74;48;2;246;216;74m▀[0;38;2;246;216;74;48;2;255;246;204m▀[0;38;2;246;216;74;48;2;246;216;74m▀[0;38;2;92;66;8;48;2;246;216;74m▀[0;38;2;92;66;8;48;2;92;66;8m▀[0;38;2;106;74;20;48;2;94;60;8m▀▀▀▀▀[0;38;2;126;90;26;48;2;94;60;8m▀▀[0;38;2;106;74;20;48;2;94;60;8m▀▀▀▀▀[0;38;2;94;60;8;48;2;94;60;8m▀[0;38;2;184;132;28;48;2;184;132;28m▀[0;38;2;94;60;8;48;2;94;60;8m▀[0m
[0;38;2;94;60;8;48;2;94;60;8m▀[0;38;2;184;132;28;48;2;94;60;8m▀▀▀▀▀▀▀▀▀▀▀▀▀▀▀▀▀[0;38;2;92;66;8;48;2;94;60;8m▀▀▀▀▀▀▀[0;38;2;184;132;28;48;2;94;60;8m▀▀[0;38;2;92;66;8;48;2;94;60;8m▀▀▀▀▀▀[0;38;2;184;132;28;48;2;94;60;8m▀▀▀▀▀▀▀▀▀▀▀▀▀▀[0;38;2;94;60;8;48;2;94;60;8m▀[0m
