[0;38;2;94;60;8;48;2;94;60;8m▀[0;38;2;94;60;8;48;2;255;224;122m▀▀▀▀▀▀▀▀▀▀▀▀▀▀▀▀▀▀▀▀[0;38;2;94;60;8;48;2;74;38;6m▀▀▀▀▀[0;38;2;94;60;8;48;2;255;224;122m▀▀▀▀▀▀▀▀▀▀▀▀▀▀▀▀▀▀▀▀[0;38;2;94;60;8;48;2;184;132;28m▀[0;38;2;94;60;8;48;2;94;60;8m▀[0m
[0;38;2;94;60;8;48;2;94;60;8m▀[0;38;2;255;224;122;48;2;255;224;122m▀[0;38;2;94;60;8;48;2;94;60;8m▀[0;38;2;94;60;8;48;2;106;74;20m▀▀[0;38;2;94;60;8;48;2;255;243;166m▀[0;38;2;94;60;8;48;2;106;74;20m▀▀[0;38;2;94;60;8;48;2;126;90;26m▀▀[0;38;2;94;60;8;48;2;106;74;20m▀▀▀▀▀▀▀[0;38;2;94;60;8;48;2;74;38;6m▀[0;38;2;74;38;6;48;2;252;212;108m▀▀▀[0;38;2;252;212;108;48;2;252;212;108m▀▀▀▀[0;38;2;224;156;52;48;2;252;212;108m▀[0;38;2;74;38;6;48;2;224;156;52m▀▀[0;38;2;94;60;8;48;2;74;38;6m▀[0;38;2;94;60;8;48;2;255;243;166m▀[0;38;2;255;243;166;48;2;255;255;255m▀[0;38;2;94;60;8;48;2;255;243;166m▀[0;38;2;94;60;8;48;2;106;74;20m▀▀▀▀▀▀▀▀▀[0;38;2;94;60;8;48;2;74;38;6m▀[0;38;2;94;60;8;48;2;126;90;26m▀▀[0;38;2;94;60;8;48;2;106;74;20m▀[0;38;2;94;60;8;48;2;94;60;8m▀[0;38;2;184;132;28;48;2;184;132;28m▀[0;38;2;94;60;8;48;2;94;60;8m▀[0m
[0;38;2;94;60;8;48;2;94;60;8m▀[0;38;2;255;224;122;48;2;255;224;122m▀[0;38;2;94;60;8;48;2;94;60;8m▀[0;38;2;106;74;20;48;2;255;243;166m▀[0;38;2;106;74;20;48;2;255;255;255m▀[0;38;2;255;255;255;48;2;255;255;255m▀[0;38;2;106;74;20;48;2;255;255;255m▀[0;38;2;126;90;26;48;2;255;243;166m▀[0;38;2;126;90;26;48;2;106;74;20m▀▀[0;38;2;106;74;20;48;2;106;74;20m▀▀▀▀▀[0;38;2;106;74;20;48;2;74;38;6m▀[0;38;2;74;38;6;48;2;252;212;108m▀[0;38;2;252;212;108;48;2;252;212;108m▀▀▀▀▀[0;38;2;252;212;108;48;2;74;38;6m▀▀[0;38;2;252;212;108;48;2;224;156;52m▀[0;38;2;224;156;52;48;2;224;156;52m▀▀▀▀▀[0;38;2;255;243;166;48;2;224;156;52m▀[0;38;2;148;112;42;48;2;74;38;6m▀[0;38;2;106;74;20;48;2;106;74;20m▀▀▀▀▀▀▀[0;38;2;106;74;20;48;2;126;90;26m▀[0;38;2;126;90;26;48;2;74;38;6m▀[0;38;2;168;98;26;48;2;168;98;26m▀[0;38;2;74;38;6;48;2;74;38;6m▀[0;38;2;106;74;20;48;2;106;74;20m▀▀[0;38;2;94;60;8;48;2;94;60;8m▀[0;38;2;184;132;28;48;2;184;132;28m▀[0;38;2;94;60;8;48;2;94;60;8m▀[0m
[0;38;2;94;60;8;48;2;94;60;8m▀[0;38;2;255;224;122;48;2;255;224;122m▀[0;38;2;94;60;8;48;2;94;60;8m▀[0;38;2;106;74;20;48;2;106;74;20m▀[0;38;2;106;74;20;48;2;126;90;26m▀[0;38;2;255;255;255;48;2;255;243;166m▀[0;38;2;126;90;26;48;2;106;74;20m▀▀[0;38;2;106;74;20;48;2;106;74;20m▀▀▀▀▀▀[0;38;2;74;38;6;48;2;74;38;6m▀[0;38;2;252;212;108;48;2;252;212;108m▀▀▀▀▀▀[0;38;2;74;38;6;48;2;74;38;6m▀[0;38;2;255;246;204;48;2;255;246;204m▀▀[0;38;2;74;38;6;48;2;74;38;6m▀[0;38;2;224;156;52;48;2;224;156;52m▀▀▀▀▀▀[0;38;2;168;98;26;48;2;168;98;26m▀[0;38;2;74;38;6;48;2;74;38;6m▀[0;38;2;106;74;20;48;2;106;74;20m▀▀▀▀[0;38;2;106;74;20;48;2;126;90;26m▀[0;38;2;126;90;26;48;2;126;90;26m▀[0;38;2;74;38;6;48;2;168;98;26m▀[0;38;2;168;98;26;48;2;224;156;52m▀[0;38;2;224;156;52;48;2;224;156;52m▀[0;38;2;74;38;6;48;2;168;98;26m▀[0;38;2;106;74;20;48;2;106;74;20m▀[0;38;2;74;38;6;48;2;168;98;26m▀[0;38;2;94;60;8;48;2;94;60;8m▀[0;38;2;184;132;28;48;2;184;132;28m▀[0;38;2;94;60;8;48;2;94;60;8m▀[0m
[0;38;2;94;60;8;48;2;94;60;8m▀[0;38;2;255;224;122;48;2;255;224;122m▀[0;38;2;94;60;8;48;2;94;60;8m▀[0;38;2;126;90;26;48;2;126;90;26m▀[0;38;2;126;90;26;48;2;106;74;20m▀▀[0;38;2;106;74;20;48;2;106;74;20m▀▀▀▀▀▀▀[0;38;2;74;38;6;48;2;74;38;6m▀[0;38;2;252;212;108;48;2;252;212;108m▀[0;38;2;252;212;108;48;2;224;156;52m▀▀[0;38;2;224;156;52;48;2;224;156;52m▀▀▀▀[0;38;2;74;38;6;48;2;74;38;6m▀▀[0;38;2;74;38;6;48;2;168;98;26m▀[0;38;2;74;38;6;48;2;74;38;6m▀[0;38;2;224;156;52;48;2;224;156;52m▀▀▀▀▀[0;38;2;168;98;26;48;2;168;98;26m▀▀[0;38;2;74;38;6;48;2;74;38;6m▀[0;38;2;106;74;20;48;2;106;74;20m▀▀[0;38;2;106;74;20;48;2;148;112;42m▀[0;38;2;148;112;42;48;2;148;112;42m▀[0;38;2;148;112;42;48;2;74;38;6m▀[0;38;2;74;38;6;48;2;168;98;26m▀[0;38;2;168;98;26;48;2;224;156;52m▀[0;38;2;224;156;52;48;2;252;212;108m▀[0;38;2;252;212;108;48;2;252;212;108m▀[0;38;2;224;156;52;48;2;224;156;52m▀[0;38;2;106;74;20;48;2;168;98;26m▀[0;38;2;74;38;6;48;2;106;74;20m▀[0;38;2;94;60;8;48;2;94;60;8m▀[0;38;2;184;132;28;48;2;184;132;28m▀[0;38;2;94;60;8;48;2;94;60;8m▀[0m
[0;38;2;94;60;8;48;2;94;60;8m▀[0;38;2;255;224;122;48;2;255;224;122m▀[0;38;2;94;60;8;48;2;94;60;8m▀[0;38;2;126;90;26;48;2;106;74;20m▀[0;38;2;106;74;20;48;2;106;74;20m▀▀[0;38;2;106;74;20;48;2;74;38;6m▀[0;38;2;106;74;20;48;2;106;74;20m▀▀▀▀[0;38;2;106;74;20;48;2;148;112;42m▀[0;38;2;148;112;42;48;2;148;112;42m▀[0;38;2;74;38;6;48;2;74;38;6m▀[0;38;2;224;156;52;48;2;224;156;52m▀[0;38;2;168;98;26;48;2;224;156;52m▀[0;38;2;224;156;52;48;2;224;156;52m▀▀▀▀▀▀[0;38;2;74;38;6;48;2;224;156;52m▀▀[0;38;2;224;156;52;48;2;224;156;52m▀▀▀▀[0;38;2;224;156;52;48;2;168;98;26m▀[0;38;2;168;98;26;48;2;168;98;26m▀▀▀[0;38;2;74;38;6;48;2;74;38;6m▀[0;38;2;106;74;20;48;2;148;112;42m▀[0;38;2;148;112;42;48;2;148;112;42m▀▀[0;38;2;106;74;20;48;2;74;38;6m▀[0;38;2;168;98;26;48;2;168;98;26m▀[0;38;2;224;156;52;48;2;224;156;52m▀[0;38;2;252;212;108;48;2;252;212;108m▀[0;38;2;252;212;108;48;2;255;246;204m▀[0;38;2;255;246;204;48;2;255;246;204m▀[0;38;2;224;156;52;48;2;252;212;108m▀[0;38;2;168;98;26;48;2;224;156;52m▀[0;38;2;106;74;20;48;2;74;38;6m▀[0;38;2;94;60;8;48;2;94;60;8m▀[0;38;2;184;132;28;48;2;184;132;28m▀[0;38;2;94;60;8;48;2;94;60;8m▀[0m
[0;38;2;74;38;6;48;2;168;98;26m▀[0;38;2;255;224;122;48;2;255;224;122m▀[0;38;2;94;60;8;48;2;94;60;8m▀[0;38;2;106;74;20;48;2;74;38;6m▀[0;38;2;106;74;20;48;2;168;98;26m▀[0;38;2;74;38;6;48;2;168;98;26m▀[0;38;2;168;98;26;48;2;224;156;52m▀▀[0;38;2;74;38;6;48;2;224;156;52m▀[0;38;2;106;74;20;48;2;168;98;26m▀[0;38;2;148;112;42;48;2;224;156;52m▀▀[0;38;2;106;74;20;48;2;224;156;52m▀[0;38;2;106;74;20;48;2;252;212;108m▀[0;38;2;74;38;6;48;2;255;246;204m▀[0;38;2;74;38;6;48;2;74;38;6m▀▀▀▀▀▀▀▀▀[0;38;2;224;156;52;48;2;224;156;52m▀▀▀[0;38;2;224;156;52;48;2;168;98;26m▀[0;38;2;168;98;26;48;2;168;98;26m▀▀[0;38;2;168;98;26;48;2;74;38;6m▀▀[0;38;2;74;38;6;48;2;148;112;42m▀[0;38;2;148;112;42;48;2;148;112;42m▀[0;38;2;106;74;20;48;2;106;74;20m▀▀[0;38;2;168;98;26;48;2;168;98;26m▀[0;38;2;224;156;52;48;2;224;156;52m▀[0;38;2;252;212;108;48;2;252;212;108m▀[0;38;2;255;246;204;48;2;255;246;204m▀▀▀[0;38;2;252;212;108;48;2;252;212;108m▀[0;38;2;224;156;52;48;2;224;156;52m▀[0;38;2;168;98;26;48;2;168;98;26m▀[0;38;2;94;60;8;48;2;94;60;8m▀[0;38;2;184;132;28;48;2;184;132;28m▀[0;38;2;94;60;8;48;2;94;60;8m▀[0m
[0;38;2;224;156;52;48;2;224;156;52m▀[0;38;2;168;98;26;48;2;224;156;52m▀[0;38;2;74;38;6;48;2;224;156;52m▀[0;38;2;168;98;26;48;2;224;156;52m▀[0;38;2;224;156;52;48;2;252;212;108m▀▀[0;38;2;252;212;108;48;2;255;246;204m▀▀▀▀▀[0;38;2;255;246;204;48;2;255;246;204m▀▀[0;38;2;255;246;204;48;2;252;212;108m▀▀[0;38;2;74;38;6;48;2;168;98;26m▀[0;38;2;224;156;52;48;2;74;38;6m▀[0;38;2;224;156;52;48;2;224;156;52m▀▀▀[0;38;2;74;38;6;48;2;224;156;52m▀▀▀[0;38;2;224;156;52;48;2;168;98;26m▀▀[0;38;2;168;98;26;48;2;168;98;26m▀[0;38;2;168;98;26;48;2;74;38;6m▀▀[0;38;2;74;38;6;48;2;106;74;20m▀[0;38;2;74;38;6;48;2;148;112;42m▀[0;38;2;148;112;42;48;2;148;112;42m▀▀[0;38;2;106;74;20;48;2;106;74;20m▀▀▀▀[0;38;2;74;38;6;48;2;106;74;20m▀[0;38;2;224;156;52;48;2;168;98;26m▀[0;38;2;252;212;108;48;2;224;156;52m▀[0;38;2;255;246;204;48;2;252;212;108m▀▀▀[0;38;2;252;212;108;48;2;224;156;52m▀[0;38;2;224;156;52;48;2;168;98;26m▀[0;38;2;74;38;6;48;2;106;74;20m▀[0;38;2;94;60;8;48;2;94;60;8m▀[0;38;2;184;132;28;48;2;184;132;28m▀[0;38;2;94;60;8;48;2;94;60;8m▀[0m
[0;38;2;252;212;108;48;2;255;246;204m▀▀▀▀[0;38;2;255;246;204;48;2;255;246;204m▀▀[0;38;2;255;246;204;48;2;252;212;108m▀▀▀[0;38;2;252;212;108;48;2;168;98;26m▀[0;38;2;224;156;52;48;2;106;74;20m▀[0;38;2;252;212;108;48;2;168;98;26m▀[0;38;2;224;156;52;48;2;168;98;26m▀[0;38;2;168;98;26;48;2;106;74;20m▀▀[0;38;2;106;74;20;48;2;106;74;20m▀[0;38;2;106;74;20;48;2;148;112;42m▀[0;38;2;74;38;6;48;2;148;112;42m▀[0;38;2;74;38;6;48;2;106;74;20m▀[0;38;2;74;38;6;48;2;148;112;42m▀[0;38;2;74;38;6;48;2;74;38;6m▀▀[0;38;2;74;38;6;48;2;252;212;108m▀[0;38;2;74;38;6;48;2;224;156;52m▀▀▀[0;38;2;148;112;42;48;2;224;156;52m▀[0;38;2;106;74;20;48;2;224;156;52m▀[0;38;2;148;112;42;48;2;168;98;26m▀▀[0;38;2;148;112;42;48;2;74;38;6m▀[0;38;2;106;74;20;48;2;106;74;20m▀▀▀▀▀▀[0;38;2;74;38;6;48;2;106;74;20m▀[0;38;2;168;98;26;48;2;74;38;6m▀[0;38;2;224;156;52;48;2;74;38;6m▀▀▀[0;38;2;168;98;26;48;2;74;38;6m▀[0;38;2;74;38;6;48;2;106;74;20m▀[0;38;2;106;74;20;48;2;106;74;20m▀[0;38;2;94;60;8;48;2;94;60;8m▀[0;38;2;184;132;28;48;2;184;132;28m▀[0;38;2;94;60;8;48;2;94;60;8m▀[0m
[0;38;2;252;212;108;48;2;252;212;108m▀[0;38;2;252;212;108;48;2;224;156;52m▀▀▀▀▀▀[0;38;2;224;156;52;48;2;168;98;26m▀▀[0;38;2;74;38;6;48;2;106;74;20m▀[0;38;2;106;74;20;48;2;106;74;20m▀▀▀▀[0;38;2;106;74;20;48;2;148;112;42m▀[0;38;2;148;112;42;48;2;148;112;42m▀[0;38;2;148;112;42;48;2;106;74;20m▀▀[0;38;2;106;74;20;48;2;74;38;6m▀[0;38;2;74;38;6;48;2;252;212;108m▀[0;38;2;252;212;108;48;2;224;156;52m▀[0;38;2;224;156;52;48;2;74;38;6m▀[0;38;2;74;38;6;48;2;248;230;164m▀[0;38;2;248;230;164;48;2;248;230;164m▀▀▀▀[0;38;2;224;156;52;48;2;248;230;164m▀[0;38;2;224;156;52;48;2;224;156;52m▀▀[0;38;2;168;98;26;48;2;224;156;52m▀[0;38;2;74;38;6;48;2;168;98;26m▀[0;38;2;106;74;20;48;2;74;38;6m▀[0;38;2;106;74;20;48;2;106;74;20m▀▀▀[0;38;2;106;74;20;48;2;126;90;26m▀[0;38;2;126;90;26;48;2;126;90;26m▀[0;38;2;74;38;6;48;2;74;38;6m▀[0;38;2;224;156;52;48;2;224;156;52m▀▀[0;38;2;74;38;6;48;2;74;38;6m▀[0;38;2;106;74;20;48;2;106;74;20m▀▀▀[0;38;2;94;60;8;48;2;94;60;8m▀[0;38;2;184;132;28;48;2;184;132;28m▀[0;38;2;94;60;8;48;2;94;60;8m▀[0m
[0;38;2;224;156;52;48;2;168;98;26m▀[0;38;2;168;98;26;48;2;74;38;6m▀▀[0;38;2;74;38;6;48;2;126;90;26m▀[0;38;2;168;98;26;48;2;106;74;20m▀[0;38;2;168;98;26;48;2;74;38;6m▀▀[0;38;2;74;38;6;48;2;106;74;20m▀[0;38;2;106;74;20;48;2;106;74;20m▀▀▀▀[0;38;2;106;74;20;48;2;126;90;26m▀[0;38;2;148;112;42;48;2;126;90;26m▀[0;38;2;148;112;42;48;2;106;74;20m▀▀[0;38;2;106;74;20;48;2;74;38;6m▀[0;38;2;74;38;6;48;2;255;246;204m▀[0;38;2;224;156;52;48;2;74;38;6m▀[0;38;2;224;156;52;48;2;255;246;204m▀[0;38;2;74;38;6;48;2;74;38;6m▀[0;38;2;248;230;164;48;2;248;230;164m▀▀▀▀▀▀▀▀[0;38;2;224;156;52;48;2;224;156;52m▀▀[0;38;2;168;98;26;48;2;168;98;26m▀[0;38;2;74;38;6;48;2;74;38;6m▀[0;38;2;74;38;6;48;2;224;156;52m▀[0;38;2;106;74;20;48;2;74;38;6m▀[0;38;2;126;90;26;48;2;126;90;26m▀[0;38;2;126;90;26;48;2;74;38;6m▀[0;38;2;74;38;6;48;2;252;212;108m▀[0;38;2;252;212;108;48;2;224;156;52m▀[0;38;2;224;156;52;48;2;168;98;26m▀[0;38;2;168;98;26;48;2;74;38;6m▀[0;38;2;74;38;6;48;2;106;74;20m▀[0;38;2;106;74;20;48;2;106;74;20m▀▀▀[0;38;2;94;60;8;48;2;94;60;8m▀[0;38;2;184;132;28;48;2;184;132;28m▀[0;38;2;94;60;8;48;2;94;60;8m▀[0m
[0;38;2;74;38;6;48;2;74;38;6m▀[0;38;2;74;38;6;48;2;255;224;122m▀[0;38;2;94;60;8;48;2;94;60;8m▀[0;38;2;106;74;20;48;2;106;74;20m▀▀▀[0;38;2;74;38;6;48;2;106;74;20m▀[0;38;2;106;74;20;48;2;106;74;20m▀▀[0;38;2;106;74;20;48;2;255;243;166m▀[0;38;2;106;74;20;48;2;126;90;26m▀[0;38;2;126;90;26;48;2;126;90;26m▀[0;38;2;126;90;26;48;2;106;74;20m▀▀[0;38;2;106;74;20;48;2;106;74;20m▀▀▀[0;38;2;74;38;6;48;2;106;74;20m▀[0;38;2;106;74;20;48;2;106;74;20m▀[0;38;2;74;38;6;48;2;106;74;20m▀[0;38;2;248;230;164;48;2;74;38;6m▀[0;38;2;248;230;164;48;2;248;230;164m▀▀▀▀▀▀▀▀[0;38;2;224;156;52;48;2;224;156;52m▀[0;38;2;168;98;26;48;2;168;98;26m▀▀[0;38;2;74;38;6;48;2;168;98;26m▀[0;38;2;224;156;52;48;2;74;38;6m▀[0;38;2;74;38;6;48;2;74;38;6m▀[0;38;2;74;38;6;48;2;252;212;108m▀[0;38;2;252;212;108;48;2;252;212;108m▀[0;38;2;224;156;52;48;2;224;156;52m▀▀[0;38;2;168;98;26;48;2;168;98;26m▀[0;38;2;74;38;6;48;2;74;38;6m▀[0;38;2;106;74;20;48;2;106;74;20m▀▀[0;38;2;106;74;20;48;2;126;90;26m▀[0;38;2;126;90;26;48;2;255;243;166m▀[0;38;2;94;60;8;48;2;94;60;8m▀[0;38;2;184;132;28;48;2;184;132;28m▀[0;38;2;94;60;8;48;2;94;60;8m▀[0m
[0;38;2;94;60;8;48;2;94;60;8m▀[0;38;2;255;224;122;48;2;255;224;122m▀[0;38;2;94;60;8;48;2;94;60;8m▀[0;38;2;106;74;20;48;2;106;74;20m▀▀▀▀[0;38;2;106;74;20;48;2;255;243;166m▀[0;38;2;106;74;20;48;2;255;255;255m▀[0;38;2;255;255;255;48;2;255;255;255m▀[0;38;2;126;90;26;48;2;255;255;255m▀[0;38;2;126;90;26;48;2;255;243;166m▀[0;38;2;106;74;20;48;2;106;74;20m▀▀▀▀▀▀▀[0;38;2;74;38;6;48;2;74;38;6m▀[0;38;2;252;212;108;48;2;252;212;108m▀[0;38;2;224;156;52;48;2;224;156;52m▀[0;38;2;74;38;6;48;2;224;156;52m▀[0;38;2;248;230;164;48;2;74;38;6m▀[0;38;2;248;230;164;48;2;216;174;92m▀▀▀▀[0;38;2;216;174;92;48;2;168;98;26m▀[0;38;2;224;156;52;48;2;168;98;26m▀[0;38;2;168;98;26;48;2;168;98;26m▀▀[0;38;2;168;98;26;48;2;74;38;6m▀[0;38;2;74;38;6;48;2;224;156;52m▀[0;38;2;252;212;108;48;2;224;156;52m▀▀[0;38;2;224;156;52;48;2;168;98;26m▀▀[0;38;2;168;98;26;48;2;74;38;6m▀[0;38;2;168;98;26;48;2;106;74;20m▀[0;38;2;74;38;6;48;2;106;74;20m▀[0;38;2;106;74;20;48;2;126;90;26m▀[0;38;2;126;90;26;48;2;126;90;26m▀[0;38;2;255;243;166;48;2;126;90;26m▀[0;38;2;255;255;255;48;2;255;243;166m▀[0;38;2;255;243;166;48;2;94;60;8m▀[0;38;2;184;132;28;48;2;184;132;28m▀[0;38;2;94;60;8;48;2;94;60;8m▀[0m
[0;38;2;94;60;8;48;2;94;60;8m▀[0;38;2;255;224;122;48;2;255;224;122m▀[0;38;2;94;60;8;48;2;94;60;8m▀[0;38;2;106;74;20;48;2;106;74;20m▀▀▀[0;38;2;106;74;20;48;2;126;90;26m▀[0;38;2;126;90;26;48;2;126;90;26m▀[0;38;2;126;90;26;48;2;106;74;20m▀[0;38;2;255;255;255;48;2;255;243;166m▀[0;38;2;106;74;20;48;2;106;74;20m▀▀▀▀▀▀▀[0;38;2;106;74;20;48;2;126;90;26m▀[0;38;2;126;90;26;48;2;126;90;26m▀[0;38;2;74;38;6;48;2;74;38;6m▀[0;38;2;224;156;52;48;2;224;156;52m▀▀▀[0;38;2;74;38;6;48;2;224;156;52m▀[0;38;2;74;38;6;48;2;74;38;6m▀[0;38;2;74;38;6;48;2;106;74;20m▀[0;38;2;74;38;6;48;2;74;38;6m▀[0;38;2;74;38;6;48;2;224;156;52m▀▀[0;38;2;168;98;26;48;2;224;156;52m▀[0;38;2;168;98;26;48;2;168;98;26m▀[0;38;2;74;38;6;48;2;74;38;6m▀[0;38;2;224;156;52;48;2;74;38;6m▀▀[0;38;2;168;98;26;48;2;74;38;6m▀▀[0;38;2;74;38;6;48;2;106;74;20m▀▀▀[0;38;2;106;74;20;48;2;126;90;26m▀[0;38;2;126;90;26;48;2;126;90;26m▀▀[0;38;2;106;74;20;48;2;106;74;20m▀▀▀[0;38;2;94;60;8;48;2;94;60;8m▀[0;38;2;184;132;28;48;2;184;132;28m▀[0;38;2;94;60;8;48;2;94;60;8m▀[0m
[0;38;2;94;60;8;48;2;94;60;8m▀[0;38;2;255;224;122;48;2;255;224;122m▀[0;38;2;94;60;8;48;2;94;60;8m▀[0;38;2;106;74;20;48;2;94;60;8m▀▀[0;38;2;126;90;26;48;2;94;60;8m▀▀▀[0;38;2;106;74;20;48;2;94;60;8m▀▀▀▀▀▀▀▀[0;38;2;126;90;26;48;2;94;60;8m▀[0;38;2;74;38;6;48;2;74;38;6m▀[0;38;2;74;38;6;48;2;255;246;204m▀[0;38;2;252;212;108;48;2;224;156;52m▀[0;38;2;224;156;52;48;2;255;246;204m▀[0;38;2;224;156;52;48;2;224;156;52m▀▀▀[0;38;2;74;38;6;48;2;74;38;6m▀[0;38;2;106;74;20;48;2;94;60;8m▀[0;38;2;74;38;6;48;2;74;38;6m▀[0;38;2;224;156;52;48;2;255;246;204m▀[0;38;2;224;156;52;48;2;224;156;52m▀[0;38;2;224;156;52;48;2;255;246;204m▀[0;38;2;224;156;52;48;2;224;156;52m▀[0;38;2;74;38;6;48;2;224;156;52m▀[0;38;2;74;38;6;48;2;74;38;6m▀[0;38;2;106;74;20;48;2;94;60;8m▀▀▀▀▀[0;38;2;126;90;26;48;2;94;60;8m▀▀[0;38;2;106;74;20;48;2;94;60;8m▀▀▀▀▀[0;38;2;94;60;8;48;2;94;60;8m▀[0;38;2;184;132;28;48;2;184;132;28m▀[0;38;2;94;60;8;48;2;94;60;8m▀[0m
[0;38;2;94;60;8;48;2;94;60;8m▀[0;38;2;184;132;28;48;2;94;60;8m▀▀▀▀▀▀▀▀▀▀▀▀▀▀▀▀▀[0;38;2;74;38;6;48;2;94;60;8m▀▀▀▀▀▀▀[0;38;2;184;132;28;48;2;94;60;8m▀▀[0;38;2;74;38;6;48;2;94;60;8m▀▀▀▀▀▀[0;38;2;184;132;28;48;2;94;60;8m▀▀▀▀▀▀▀▀▀▀▀▀▀▀[0;38;2;94;60;8;48;2;94;60;8m▀[0m
