[0;38;2;20;22;56;48;2;20;22;56m▀▀[0;38;2;20;22;56;48;2;30;23;25m▀▀▀[0;38;2;20;22;56;48;2;20;22;56m▀[0;38;2;20;22;56;48;2;30;36;88m▀[0;38;2;30;36;88;48;2;30;36;88m▀▀▀▀▀▀▀▀▀▀[0;38;2;42;52;120;48;2;42;52;120m▀▀▀[0;38;2;30;36;88;48;2;30;36;88m▀[0;38;2;30;36;88;48;2;244;251;255m▀[0;38;2;244;251;255;48;2;110;200;255m▀[0;38;2;110;200;255;48;2;30;36;88m▀[0;38;2;30;36;88;48;2;30;36;88m▀▀▀▀▀▀▀▀[0;38;2;30;36;88;48;2;42;52;120m▀[0;38;2;42;52;120;48;2;42;52;120m▀▀▀[0;38;2;30;36;88;48;2;30;36;88m▀▀[0;38;2;20;22;56;48;2;30;36;88m▀[0;38;2;20;22;56;48;2;20;22;56m▀[0;38;2;20;22;56;48;2;30;23;25m▀▀[0;38;2;30;23;25;48;2;20;22;56m▀[0;38;2;20;22;56;48;2;20;22;56m▀▀▀▀▀[0m
[0;38;2;20;22;56;48;2;244;251;255m▀[0;38;2;20;22;56;48;2;110;200;255m▀[0;38;2;20;22;56;48;2;30;36;88m▀[0;38;2;30;23;25;48;2;30;23;25m▀[0;38;2;94;78;84;48;2;58;47;51m▀[0;38;2;30;23;25;48;2;58;47;51m▀▀[0;38;2;30;36;88;48;2;30;23;25m▀[0;38;2;30;36;88;48;2;107;68;16m▀▀[0;38;2;30;36;88;48;2;30;36;88m▀▀▀▀▀▀[0;38;2;30;36;88;48;2;42;52;120m▀[0;38;2;42;52;120;48;2;30;36;88m▀[0;38;2;42;52;120;48;2;42;52;120m▀▀[0;38;2;30;36;88;48;2;244;251;255m▀[0;38;2;244;251;255;48;2;244;251;255m▀[0;38;2;110;200;255;48;2;110;200;255m▀[0;38;2;30;36;88;48;2;42;52;120m▀▀[0;38;2;30;36;88;48;2;30;36;88m▀[0;38;2;30;36;88;48;2;42;52;120m▀[0;38;2;30;36;88;48;2;30;36;88m▀[0;38;2;30;36;88;48;2;42;52;120m▀[0;38;2;30;36;88;48;2;30;36;88m▀▀[0;38;2;42;52;120;48;2;42;52;120m▀▀▀[0;38;2;42;52;120;48;2;30;36;88m▀[0;38;2;30;36;88;48;2;107;68;16m▀▀[0;38;2;30;23;25;48;2;94;78;84m▀▀[0;38;2;30;23;25;48;2;58;47;51m▀[0;38;2;58;47;51;48;2;58;47;51m▀[0;38;2;30;23;25;48;2;30;23;25m▀[0;38;2;20;22;56;48;2;30;36;88m▀[0;38;2;20;22;56;48;2;20;22;56m▀▀▀▀▀[0m
[0;38;2;30;36;88;48;2;42;52;120m▀[0;38;2;244;251;255;48;2;42;52;120m▀[0;38;2;110;200;255;48;2;244;251;255m▀[0;38;2;30;36;88;48;2;244;251;255m▀[0;38;2;30;23;25;48;2;30;23;25m▀[0;38;2;58;47;51;48;2;58;47;51m▀[0;38;2;58;47;51;48;2;248;208;48m▀[0;38;2;248;208;48;48;2;248;208;48m▀▀[0;38;2;223;160;34;48;2;248;208;48m▀[0;38;2;107;68;16;48;2;223;160;34m▀[0;38;2;30;36;88;48;2;107;68;16m▀[0;38;2;30;36;88;48;2;42;52;120m▀[0;38;2;42;52;120;48;2;42;52;120m▀[0;38;2;30;36;88;48;2;42;52;120m▀[0;38;2;42;52;120;48;2;42;52;120m▀▀▀▀▀▀▀[0;38;2;244;251;255;48;2;42;52;120m▀[0;38;2;244;251;255;48;2;244;251;255m▀[0;38;2;244;251;255;48;2;110;200;255m▀[0;38;2;110;200;255;48;2;42;52;120m▀[0;38;2;42;52;120;48;2;42;52;120m▀▀▀▀▀▀[0;38;2;42;52;120;48;2;107;68;16m▀[0;38;2;107;68;16;48;2;255;243;154m▀▀[0;38;2;255;243;154;48;2;248;208;48m▀▀[0;38;2;248;208;48;48;2;248;208;48m▀[0;38;2;58;47;51;48;2;223;160;34m▀[0;38;2;58;47;51;48;2;58;47;51m▀[0;38;2;30;23;25;48;2;30;23;25m▀[0;38;2;30;36;88;48;2;30;36;88m▀[0;38;2;20;22;56;48;2;30;36;88m▀[0;38;2;30;36;88;48;2;20;22;56m▀[0;38;2;20;22;56;48;2;30;36;88m▀[0;38;2;20;22;56;48;2;20;22;56m▀▀▀[0m
[0;38;2;42;52;120;48;2;42;52;120m▀▀▀▀[0;38;2;30;23;25;48;2;244;251;255m▀[0;38;2;255;243;154;48;2;107;68;16m▀[0;38;2;248;208;48;48;2;248;208;48m▀▀▀▀▀[0;38;2;223;160;34;48;2;248;208;48m▀[0;38;2;107;68;16;48;2;223;160;34m▀[0;38;2;42;52;120;48;2;107;68;16m▀[0;38;2;42;52;120;48;2;42;52;120m▀▀▀▀▀▀▀▀[0;38;2;42;52;120;48;2;244;251;255m▀[0;38;2;244;251;255;48;2;110;200;255m▀[0;38;2;110;200;255;48;2;42;52;120m▀[0;38;2;42;52;120;48;2;42;52;120m▀▀▀▀[0;38;2;42;52;120;48;2;107;68;16m▀▀[0;38;2;107;68;16;48;2;255;243;154m▀[0;38;2;255;243;154;48;2;248;208;48m▀[0;38;2;248;208;48;48;2;248;208;48m▀▀▀[0;38;2;248;208;48;48;2;223;160;34m▀[0;38;2;223;160;34;48;2;223;160;34m▀▀[0;38;2;223;160;34;48;2;107;68;16m▀[0;38;2;30;23;25;48;2;30;36;88m▀[0;38;2;30;36;88;48;2;30;36;88m▀▀▀[0;38;2;20;22;56;48;2;107;68;16m▀[0;38;2;107;68;16;48;2;255;243;154m▀[0;38;2;107;68;16;48;2;223;160;34m▀[0;38;2;20;22;56;48;2;107;68;16m▀[0m
[0;38;2;30;36;88;48;2;30;36;88m▀[0;38;2;42;52;120;48;2;30;36;88m▀▀[0;38;2;244;251;255;48;2;244;251;255m▀[0;38;2;110;200;255;48;2;244;251;255m▀[0;38;2;107;68;16;48;2;110;200;255m▀[0;38;2;223;160;34;48;2;107;68;16m▀[0;38;2;248;208;48;48;2;223;160;34m▀[0;38;2;248;208;48;48;2;248;208;48m▀▀▀[0;38;2;248;208;48;48;2;223;160;34m▀[0;38;2;223;160;34;48;2;223;160;34m▀▀[0;38;2;107;68;16;48;2;223;160;34m▀[0;38;2;42;52;120;48;2;107;68;16m▀▀[0;38;2;58;71;152;48;2;107;68;16m▀[0;38;2;42;52;120;48;2;107;68;16m▀[0;38;2;58;71;152;48;2;107;68;16m▀[0;38;2;107;68;16;48;2;255;243;154m▀▀▀▀[0;38;2;42;52;120;48;2;107;68;16m▀[0;38;2;58;71;152;48;2;107;68;16m▀[0;38;2;42;52;120;48;2;107;68;16m▀[0;38;2;58;71;152;48;2;107;68;16m▀[0;38;2;107;68;16;48;2;223;160;34m▀[0;38;2;223;160;34;48;2;223;160;34m▀[0;38;2;255;243;154;48;2;223;160;34m▀[0;38;2;248;208;48;48;2;248;208;48m▀▀▀[0;38;2;248;208;48;48;2;223;160;34m▀[0;38;2;223;160;34;48;2;223;160;34m▀▀[0;38;2;223;160;34;48;2;107;68;16m▀[0;38;2;107;68;16;48;2;30;36;88m▀[0;38;2;30;36;88;48;2;30;36;88m▀▀▀[0;38;2;30;36;88;48;2;107;68;16m▀[0;38;2;107;68;16;48;2;255;243;154m▀[0;38;2;255;243;154;48;2;248;208;48m▀[0;38;2;248;208;48;48;2;248;208;48m▀[0;38;2;223;160;34;48;2;223;160;34m▀[0;38;2;107;68;16;48;2;107;68;16m▀[0m
[0;38;2;30;36;88;48;2;30;36;88m▀▀▀▀[0;38;2;30;36;88;48;2;42;52;120m▀[0;38;2;244;251;255;48;2;30;36;88m▀[0;38;2;244;251;255;48;2;42;52;120m▀[0;38;2;107;68;16;48;2;244;251;255m▀[0;38;2;223;160;34;48;2;107;68;16m▀[0;38;2;248;208;48;48;2;223;160;34m▀[0;38;2;223;160;34;48;2;223;160;34m▀▀▀[0;38;2;223;160;34;48;2;178;116;20m▀[0;38;2;178;116;20;48;2;255;243;154m▀▀[0;38;2;255;243;154;48;2;248;208;48m▀▀▀▀[0;38;2;248;208;48;48;2;248;208;48m▀▀▀▀[0;38;2;255;243;154;48;2;248;208;48m▀▀▀[0;38;2;223;160;34;48;2;248;208;48m▀[0;38;2;178;116;20;48;2;223;160;34m▀▀[0;38;2;223;160;34;48;2;178;116;20m▀[0;38;2;223;160;34;48;2;223;160;34m▀▀▀[0;38;2;223;160;34;48;2;107;68;16m▀▀[0;38;2;107;68;16;48;2;42;52;120m▀[0;38;2;42;52;120;48;2;42;52;120m▀[0;38;2;30;36;88;48;2;42;52;120m▀[0;38;2;30;36;88;48;2;30;36;88m▀[0;38;2;30;36;88;48;2;107;68;16m▀[0;38;2;107;68;16;48;2;255;243;154m▀[0;38;2;255;243;154;48;2;248;208;48m▀[0;38;2;248;208;48;48;2;248;208;48m▀[0;38;2;248;208;48;48;2;223;160;34m▀[0;38;2;223;160;34;48;2;223;160;34m▀▀[0;38;2;107;68;16;48;2;107;68;16m▀[0m
[0;38;2;30;36;88;48;2;30;36;88m▀▀▀▀[0;38;2;30;36;88;48;2;42;52;120m▀[0;38;2;42;52;120;48;2;42;52;120m▀▀▀▀[0;38;2;107;68;16;48;2;42;52;120m▀[0;38;2;223;160;34;48;2;107;68;16m▀[0;38;2;223;160;34;48;2;178;116;20m▀[0;38;2;178;116;20;48;2;255;243;154m▀[0;38;2;255;243;154;48;2;248;208;48m▀[0;38;2;248;208;48;48;2;248;208;48m▀[0;38;2;248;208;48;48;2;30;23;25m▀▀[0;38;2;248;208;48;48;2;248;208;48m▀▀▀▀▀▀▀▀▀▀[0;38;2;248;208;48;48;2;30;23;25m▀▀[0;38;2;223;160;34;48;2;248;208;48m▀[0;38;2;223;160;34;48;2;223;160;34m▀[0;38;2;178;116;20;48;2;223;160;34m▀[0;38;2;223;160;34;48;2;107;68;16m▀[0;38;2;107;68;16;48;2;42;52;120m▀[0;38;2;42;52;120;48;2;42;52;120m▀▀▀▀[0;38;2;42;52;120;48;2;107;68;16m▀[0;38;2;107;68;16;48;2;255;243;154m▀[0;38;2;255;243;154;48;2;248;208;48m▀[0;38;2;248;208;48;48;2;248;208;48m▀[0;38;2;248;208;48;48;2;223;160;34m▀[0;38;2;223;160;34;48;2;223;160;34m▀▀[0;38;2;223;160;34;48;2;107;68;16m▀[0;38;2;107;68;16;48;2;30;36;88m▀[0;38;2;30;36;88;48;2;20;22;56m▀[0m
[0;38;2;30;36;88;48;2;30;36;88m▀▀▀[0;38;2;42;52;120;48;2;30;36;88m▀[0;38;2;30;36;88;48;2;42;52;120m▀[0;38;2;42;52;120;48;2;42;52;120m▀▀▀[0;38;2;42;52;120;48;2;255;216;58m▀[0;38;2;42;52;120;48;2;42;52;120m▀[0;38;2;42;52;120;48;2;107;68;16m▀[0;38;2;107;68;16;48;2;255;243;154m▀[0;38;2;255;243;154;48;2;248;208;48m▀[0;38;2;248;208;48;48;2;248;208;48m▀[0;38;2;30;23;25;48;2;30;23;25m▀[0;38;2;255;255;255;48;2;30;23;25m▀[0;38;2;30;23;25;48;2;30;23;25m▀▀[0;38;2;248;208;48;48;2;248;208;48m▀▀▀▀▀▀▀▀[0;38;2;30;23;25;48;2;30;23;25m▀[0;38;2;255;255;255;48;2;30;23;25m▀[0;38;2;30;23;25;48;2;30;23;25m▀▀[0;38;2;223;160;34;48;2;248;208;48m▀[0;38;2;223;160;34;48;2;223;160;34m▀[0;38;2;107;68;16;48;2;223;160;34m▀[0;38;2;58;71;152;48;2;107;68;16m▀[0;38;2;42;52;120;48;2;42;52;120m▀▀[0;38;2;42;52;120;48;2;107;68;16m▀[0;38;2;107;68;16;48;2;107;68;16m▀[0;38;2;255;243;154;48;2;248;208;48m▀[0;38;2;248;208;48;48;2;248;208;48m▀[0;38;2;248;208;48;48;2;223;160;34m▀[0;38;2;223;160;34;48;2;223;160;34m▀▀[0;38;2;223;160;34;48;2;107;68;16m▀[0;38;2;107;68;16;48;2;42;52;120m▀[0;38;2;42;52;120;48;2;42;52;120m▀▀▀[0m
[0;38;2;30;36;88;48;2;30;36;88m▀▀▀[0;38;2;42;52;120;48;2;30;36;88m▀[0;38;2;42;52;120;48;2;244;251;255m▀▀[0;38;2;244;251;255;48;2;110;200;255m▀[0;38;2;244;251;255;48;2;255;216;58m▀[0;38;2;110;200;255;48;2;42;52;120m▀[0;38;2;42;52;120;48;2;42;52;120m▀[0;38;2;107;68;16;48;2;107;68;16m▀[0;38;2;255;243;154;48;2;255;243;154m▀[0;38;2;248;208;48;48;2;248;208;48m▀▀[0;38;2;30;23;25;48;2;248;208;48m▀[0;38;2;30;23;25;48;2;30;23;25m▀▀[0;38;2;30;23;25;48;2;248;208;48m▀[0;38;2;248;208;48;48;2;248;208;48m▀▀▀▀▀▀▀▀[0;38;2;30;23;25;48;2;248;208;48m▀[0;38;2;30;23;25;48;2;30;23;25m▀▀[0;38;2;30;23;25;48;2;248;208;48m▀[0;38;2;223;160;34;48;2;223;160;34m▀▀▀[0;38;2;107;68;16;48;2;107;68;16m▀[0;38;2;42;52;120;48;2;255;251;228m▀[0;38;2;255;216;58;48;2;42;52;120m▀[0;38;2;42;52;120;48;2;42;52;120m▀▀[0;38;2;107;68;16;48;2;107;68;16m▀[0;38;2;223;160;34;48;2;223;160;34m▀▀[0;38;2;223;160;34;48;2;107;68;16m▀[0;38;2;107;68;16;48;2;42;52;120m▀[0;38;2;42;52;120;48;2;42;52;120m▀▀▀▀▀[0m
[0;38;2;30;36;88;48;2;30;36;88m▀▀▀[0;38;2;244;251;255;48;2;30;36;88m▀[0;38;2;110;200;255;48;2;244;251;255m▀[0;38;2;42;52;120;48;2;110;200;255m▀[0;38;2;42;52;120;48;2;42;52;120m▀[0;38;2;42;52;120;48;2;255;216;58m▀[0;38;2;255;251;228;48;2;42;52;120m▀[0;38;2;42;52;120;48;2;42;52;120m▀[0;38;2;107;68;16;48;2;42;52;120m▀[0;38;2;223;160;34;48;2;107;68;16m▀[0;38;2;248;208;48;48;2;229;64;27m▀▀▀▀[0;38;2;248;208;48;48;2;248;208;48m▀▀[0;38;2;248;208;48;48;2;107;68;16m▀[0;38;2;248;208;48;48;2;248;208;48m▀▀[0;38;2;30;23;25;48;2;107;68;16m▀[0;38;2;248;208;48;48;2;248;208;48m▀▀[0;38;2;248;208;48;48;2;107;68;16m▀[0;38;2;248;208;48;48;2;248;208;48m▀▀▀[0;38;2;248;208;48;48;2;229;64;27m▀[0;38;2;223;160;34;48;2;229;64;27m▀[0;38;2;223;160;34;48;2;168;40;18m▀▀[0;38;2;223;160;34;48;2;107;68;16m▀[0;38;2;107;68;16;48;2;42;52;120m▀[0;38;2;42;52;120;48;2;255;216;58m▀[0;38;2;255;216;58;48;2;42;52;120m▀[0;38;2;42;52;120;48;2;107;68;16m▀[0;38;2;107;68;16;48;2;223;160;34m▀[0;38;2;223;160;34;48;2;223;160;34m▀▀[0;38;2;107;68;16;48;2;107;68;16m▀[0;38;2;30;36;88;48;2;30;36;88m▀▀▀[0;38;2;42;52;120;48;2;30;36;88m▀▀▀[0;38;2;42;52;120;48;2;20;22;56m▀[0m
[0;38;2;30;36;88;48;2;30;36;88m▀▀▀▀[0;38;2;244;251;255;48;2;42;52;120m▀[0;38;2;110;200;255;48;2;244;251;255m▀[0;38;2;42;52;120;48;2;110;200;255m▀[0;38;2;42;52;120;48;2;42;52;120m▀[0;38;2;255;216;58;48;2;42;52;120m▀[0;38;2;42;52;120;48;2;42;52;120m▀▀[0;38;2;107;68;16;48;2;42;52;120m▀[0;38;2;168;40;18;48;2;107;68;16m▀[0;38;2;229;64;27;48;2;168;40;18m▀[0;38;2;229;64;27;48;2;229;64;27m▀▀[0;38;2;248;208;48;48;2;248;208;48m▀▀▀[0;38;2;107;68;16;48;2;248;208;48m▀[0;38;2;142;34;48;48;2;107;68;16m▀[0;38;2;142;34;48;48;2;240;122;134m▀[0;38;2;142;34;48;48;2;107;68;16m▀[0;38;2;107;68;16;48;2;248;208;48m▀[0;38;2;248;208;48;48;2;248;208;48m▀[0;38;2;248;208;48;48;2;223;160;34m▀▀[0;38;2;223;160;34;48;2;223;160;34m▀[0;38;2;229;64;27;48;2;168;40;18m▀[0;38;2;168;40;18;48;2;168;40;18m▀▀[0;38;2;168;40;18;48;2;107;68;16m▀[0;38;2;107;68;16;48;2;42;52;120m▀[0;38;2;42;52;120;48;2;42;52;120m▀[0;38;2;42;52;120;48;2;255;251;228m▀[0;38;2;107;68;16;48;2;255;216;58m▀[0;38;2;255;243;154;48;2;223;160;34m▀[0;38;2;223;160;34;48;2;223;160;34m▀[0;38;2;223;160;34;48;2;107;68;16m▀[0;38;2;107;68;16;48;2;30;36;88m▀[0;38;2;30;36;88;48;2;30;36;88m▀▀▀▀▀▀▀[0;38;2;30;36;88;48;2;20;22;56m▀[0m
[0;38;2;30;36;88;48;2;30;36;88m▀[0;38;2;30;36;88;48;2;244;251;255m▀▀[0;38;2;244;251;255;48;2;110;200;255m▀[0;38;2;244;251;255;48;2;42;52;120m▀[0;38;2;255;216;58;48;2;42;52;120m▀[0;38;2;255;251;228;48;2;42;52;120m▀[0;38;2;42;52;120;48;2;42;52;120m▀▀▀▀▀▀[0;38;2;107;68;16;48;2;42;52;120m▀[0;38;2;168;40;18;48;2;107;68;16m▀[0;38;2;223;160;34;48;2;107;68;16m▀[0;38;2;223;160;34;48;2;223;160;34m▀▀▀▀[0;38;2;248;208;48;48;2;223;160;34m▀[0;38;2;223;160;34;48;2;223;160;34m▀▀▀▀▀▀▀[0;38;2;223;160;34;48;2;107;68;16m▀[0;38;2;168;40;18;48;2;107;68;16m▀[0;38;2;107;68;16;48;2;42;52;120m▀[0;38;2;42;52;120;48;2;42;52;120m▀▀▀▀[0;38;2;42;52;120;48;2;107;68;16m▀[0;38;2;107;68;16;48;2;223;160;34m▀[0;38;2;223;160;34;48;2;107;68;16m▀[0;38;2;107;68;16;48;2;30;36;88m▀[0;38;2;30;36;88;48;2;30;36;88m▀▀▀▀▀▀▀[0;38;2;20;22;56;48;2;30;36;88m▀[0;38;2;30;36;88;48;2;20;22;56m▀[0m
[0;38;2;244;251;255;48;2;42;52;120m▀[0;38;2;110;200;255;48;2;42;52;120m▀[0;38;2;42;52;120;48;2;42;52;120m▀▀▀▀▀[0;38;2;42;52;120;48;2;30;36;88m▀[0;38;2;42;52;120;48;2;42;52;120m▀▀▀▀[0;38;2;42;52;120;48;2;244;251;255m▀▀[0;38;2;244;251;255;48;2;110;200;255m▀[0;38;2;110;200;255;48;2;42;52;120m▀[0;38;2;107;68;16;48;2;107;68;16m▀[0;38;2;178;116;20;48;2;223;160;34m▀▀▀[0;38;2;223;160;34;48;2;178;116;20m▀▀▀▀[0;38;2;178;116;20;48;2;248;208;48m▀[0;38;2;178;116;20;48;2;223;160;34m▀▀[0;38;2;107;68;16;48;2;107;68;16m▀[0;38;2;42;52;120;48;2;42;52;120m▀▀▀▀▀[0;38;2;42;52;120;48;2;107;68;16m▀[0;38;2;107;68;16;48;2;223;160;34m▀[0;38;2;223;160;34;48;2;223;160;34m▀[0;38;2;223;160;34;48;2;107;68;16m▀[0;38;2;107;68;16;48;2;30;36;88m▀[0;38;2;30;36;88;48;2;30;36;88m▀▀▀▀[0;38;2;30;36;88;48;2;244;251;255m▀▀[0;38;2;30;36;88;48;2;110;200;255m▀[0;38;2;30;36;88;48;2;20;22;56m▀[0;38;2;20;22;56;48;2;20;22;56m▀▀[0m
[0;38;2;42;52;120;48;2;42;52;120m▀▀▀▀[0;38;2;42;52;120;48;2;30;36;88m▀[0;38;2;30;36;88;48;2;30;36;88m▀▀▀▀[0;38;2;42;52;120;48;2;30;36;88m▀[0;38;2;30;36;88;48;2;42;52;120m▀[0;38;2;244;251;255;48;2;30;36;88m▀[0;38;2;110;200;255;48;2;244;251;255m▀[0;38;2;42;52;120;48;2;107;68;16m▀[0;38;2;178;116;20;48;2;178;116;20m▀[0;38;2;107;68;16;48;2;248;208;48m▀[0;38;2;248;208;48;48;2;255;243;154m▀[0;38;2;248;208;48;48;2;248;208;48m▀[0;38;2;178;116;20;48;2;178;116;20m▀[0;38;2;248;208;48;48;2;248;208;48m▀▀▀▀▀▀[0;38;2;178;116;20;48;2;178;116;20m▀[0;38;2;248;208;48;48;2;248;208;48m▀[0;38;2;223;160;34;48;2;248;208;48m▀[0;38;2;107;68;16;48;2;223;160;34m▀[0;38;2;178;116;20;48;2;178;116;20m▀[0;38;2;42;52;120;48;2;107;68;16m▀▀[0;38;2;107;68;16;48;2;223;160;34m▀[0;38;2;223;160;34;48;2;223;160;34m▀[0;38;2;223;160;34;48;2;107;68;16m▀[0;38;2;107;68;16;48;2;30;36;88m▀[0;38;2;30;36;88;48;2;30;36;88m▀▀▀▀▀▀▀[0;38;2;30;36;88;48;2;20;22;56m▀[0;38;2;244;251;255;48;2;30;36;88m▀[0;38;2;244;251;255;48;2;20;22;56m▀[0;38;2;110;200;255;48;2;244;251;255m▀[0;38;2;20;22;56;48;2;110;200;255m▀[0m
[0;38;2;30;36;88;48;2;20;22;56m▀[0;38;2;42;52;120;48;2;20;22;56m▀[0;38;2;30;36;88;48;2;30;36;88m▀▀▀▀▀▀▀▀▀▀[0;38;2;30;36;88;48;2;107;68;16m▀[0;38;2;107;68;16;48;2;248;208;48m▀[0;38;2;248;208;48;48;2;248;208;48m▀[0;38;2;178;116;20;48;2;248;208;48m▀▀▀[0;38;2;248;208;48;48;2;248;208;48m▀▀▀▀▀▀▀▀[0;38;2;178;116;20;48;2;248;208;48m▀▀▀[0;38;2;223;160;34;48;2;223;160;34m▀[0;38;2;107;68;16;48;2;223;160;34m▀[0;38;2;90;53;16;48;2;107;68;16m▀[0;38;2;90;53;16;48;2;90;53;16m▀[0;38;2;90;53;16;48;2;42;52;120m▀[0;38;2;30;36;88;48;2;30;36;88m▀▀▀▀▀▀▀[0;38;2;30;36;88;48;2;20;22;56m▀[0;38;2;20;22;56;48;2;30;36;88m▀[0;38;2;30;36;88;48;2;20;22;56m▀[0;38;2;20;22;56;48;2;244;251;255m▀[0;38;2;244;251;255;48;2;110;200;255m▀[0;38;2;110;200;255;48;2;20;22;56m▀[0;38;2;20;22;56;48;2;20;22;56m▀[0m
[0;38;2;20;22;56;48;2;20;22;56m▀▀▀[0;38;2;30;36;88;48;2;20;22;56m▀[0;38;2;30;36;88;48;2;30;36;88m▀[0;38;2;30;36;88;48;2;20;22;56m▀[0;38;2;30;36;88;48;2;30;36;88m▀▀▀▀[0;38;2;30;36;88;48;2;244;251;255m▀[0;38;2;244;251;255;48;2;110;200;255m▀[0;38;2;107;68;16;48;2;107;68;16m▀[0;38;2;248;208;48;48;2;248;208;48m▀▀▀▀▀▀▀▀▀▀▀▀▀▀▀▀[0;38;2;223;160;34;48;2;223;160;34m▀▀[0;38;2;107;68;16;48;2;107;68;16m▀[0;38;2;42;52;120;48;2;42;52;120m▀▀▀[0;38;2;30;36;88;48;2;42;52;120m▀[0;38;2;30;36;88;48;2;30;36;88m▀▀▀[0;38;2;30;36;88;48;2;20;22;56m▀[0;38;2;20;22;56;48;2;20;22;56m▀▀▀▀▀[0;38;2;244;251;255;48;2;20;22;56m▀▀[0;38;2;110;200;255;48;2;244;251;255m▀[0m
