[0;38;2;122;86;20;48;2;242;207;98m▀[0;38;2;242;207;98;48;2;255;255;255m▀[0;38;2;122;86;20;48;2;242;207;98m▀[0;38;2;122;86;20;48;2;255;244;184m▀[0;38;2;122;86;20;48;2;242;207;98m▀▀▀[0;38;2;122;86;20;48;2;255;244;184m▀[0;38;2;122;86;20;48;2;242;207;98m▀▀▀[0;38;2;122;86;20;48;2;255;244;184m▀[0;38;2;122;86;20;48;2;242;207;98m▀▀▀[0;38;2;122;86;20;48;2;255;244;184m▀[0;38;2;122;86;20;48;2;242;207;98m▀▀▀[0;38;2;122;86;20;48;2;255;244;184m▀[0;38;2;122;86;20;48;2;242;207;98m▀▀▀[0;38;2;122;86;20;48;2;255;244;184m▀[0;38;2;122;86;20;48;2;242;207;98m▀▀▀[0;38;2;122;86;20;48;2;255;244;184m▀[0;38;2;122;86;20;48;2;242;207;98m▀▀▀[0;38;2;122;86;20;48;2;255;244;184m▀[0;38;2;122;86;20;48;2;242;207;98m▀▀▀[0;38;2;122;86;20;48;2;255;244;184m▀[0;38;2;122;86;20;48;2;242;207;98m▀▀▀[0;38;2;122;86;20;48;2;255;244;184m▀[0;38;2;122;86;20;48;2;242;207;98m▀▀▀[0;38;2;122;86;20;48;2;255;244;184m▀[0;38;2;122;86;20;48;2;242;207;98m▀▀[0;38;2;242;207;98;48;2;255;255;255m▀[0;38;2;122;86;20;48;2;242;207;98m▀[0m
[0;38;2;122;86;20;48;2;122;86;20m▀[0;38;2;242;207;98;48;2;255;244;184m▀[0;38;2;122;86;20;48;2;122;86;20m▀[0;38;2;122;86;20;48;2;106;74;18m▀▀▀▀▀[0;38;2;122;86;20;48;2;74;48;10m▀▀▀▀▀▀[0;38;2;122;86;20;48;2;106;74;18m▀▀[0;38;2;122;86;20;48;2;134;98;26m▀▀▀▀▀▀[0;38;2;122;86;20;48;2;106;74;18m▀▀▀▀▀[0;38;2;122;86;20;48;2;242;207;98m▀[0;38;2;122;86;20;48;2;134;98;26m▀▀[0;38;2;122;86;20;48;2;106;74;18m▀▀▀▀▀▀[0;38;2;122;86;20;48;2;74;48;10m▀▀▀▀▀▀▀▀▀[0;38;2;122;86;20;48;2;122;86;20m▀[0;38;2;242;207;98;48;2;242;207;98m▀[0;38;2;122;86;20;48;2;122;86;20m▀[0m
[0;38;2;122;86;20;48;2;122;86;20m▀[0;38;2;242;207;98;48;2;242;207;98m▀[0;38;2;122;86;20;48;2;122;86;20m▀[0;38;2;106;74;18;48;2;106;74;18m▀▀▀▀▀▀[0;38;2;74;48;10;48;2;134;98;26m▀[0;38;2;74;48;10;48;2;106;74;18m▀[0;38;2;106;74;18;48;2;106;74;18m▀▀▀▀▀[0;38;2;134;98;26;48;2;68;42;10m▀▀▀▀▀▀[0;38;2;106;74;18;48;2;68;42;10m▀▀[0;38;2;106;74;18;48;2;106;74;18m▀▀▀[0;38;2;106;74;18;48;2;134;98;26m▀[0;38;2;134;98;26;48;2;134;98;26m▀▀▀▀▀[0;38;2;106;74;18;48;2;134;98;26m▀[0;38;2;106;74;18;48;2;106;74;18m▀[0;38;2;74;48;10;48;2;74;48;10m▀▀▀▀▀▀▀▀▀▀[0;38;2;122;86;20;48;2;122;86;20m▀[0;38;2;242;207;98;48;2;242;207;98m▀[0;38;2;122;86;20;48;2;122;86;20m▀[0m
[0;38;2;122;86;20;48;2;122;86;20m▀[0;38;2;242;207;98;48;2;255;244;184m▀[0;38;2;122;86;20;48;2;122;86;20m▀[0;38;2;106;74;18;48;2;106;74;18m▀▀[0;38;2;242;207;98;48;2;106;74;18m▀[0;38;2;106;74;18;48;2;134;98;26m▀[0;38;2;134;98;26;48;2;134;98;26m▀▀▀▀[0;38;2;106;74;18;48;2;134;98;26m▀[0;38;2;106;74;18;48;2;68;42;10m▀[0;38;2;68;42;10;48;2;255;240;166m▀▀▀[0;38;2;255;240;166;48;2;234;184;60m▀▀▀▀▀▀▀▀[0;38;2;68;42;10;48;2;255;240;166m▀[0;38;2;68;42;10;48;2;184;132;42m▀▀[0;38;2;134;98;26;48;2;68;42;10m▀[0;38;2;134;98;26;48;2;134;98;26m▀▀▀▀[0;38;2;134;98;26;48;2;106;74;18m▀[0;38;2;106;74;18;48;2;106;74;18m▀▀▀▀[0;38;2;74;48;10;48;2;106;74;18m▀[0;38;2;74;48;10;48;2;74;48;10m▀▀▀▀[0;38;2;74;48;10;48;2;106;74;18m▀[0;38;2;106;74;18;48;2;106;74;18m▀▀[0;38;2;122;86;20;48;2;122;86;20m▀[0;38;2;255;244;184;48;2;242;207;98m▀[0;38;2;122;86;20;48;2;122;86;20m▀[0m
[0;38;2;122;86;20;48;2;122;86;20m▀[0;38;2;242;207;98;48;2;242;207;98m▀[0;38;2;122;86;20;48;2;122;86;20m▀[0;38;2;74;48;10;48;2;106;74;18m▀[0;38;2;106;74;18;48;2;106;74;18m▀[0;38;2;134;98;26;48;2;134;98;26m▀▀▀▀▀[0;38;2;134;98;26;48;2;68;42;10m▀[0;38;2;68;42;10;48;2;255;240;166m▀[0;38;2;255;240;166;48;2;36;20;4m▀[0;38;2;234;184;60;48;2;36;20;4m▀▀[0;38;2;234;184;60;48;2;234;184;60m▀▀▀▀▀▀▀▀[0;38;2;234;184;60;48;2;36;20;4m▀▀▀[0;38;2;184;132;42;48;2;234;184;60m▀[0;38;2;184;132;42;48;2;184;132;42m▀[0;38;2;68;42;10;48;2;184;132;42m▀[0;38;2;134;98;26;48;2;68;42;10m▀[0;38;2;134;98;26;48;2;134;98;26m▀[0;38;2;134;98;26;48;2;106;74;18m▀[0;38;2;106;74;18;48;2;106;74;18m▀▀▀▀▀▀▀[0;38;2;74;48;10;48;2;134;98;26m▀[0;38;2;106;74;18;48;2;134;98;26m▀[0;38;2;106;74;18;48;2;106;74;18m▀▀▀▀[0;38;2;122;86;20;48;2;122;86;20m▀[0;38;2;242;207;98;48;2;242;207;98m▀[0;38;2;122;86;20;48;2;122;86;20m▀[0m
[0;38;2;122;86;20;48;2;122;86;20m▀[0;38;2;242;207;98;48;2;255;244;184m▀[0;38;2;122;86;20;48;2;122;86;20m▀[0;38;2;106;74;18;48;2;106;74;18m▀▀▀▀[0;38;2;134;98;26;48;2;106;74;18m▀[0;38;2;134;98;26;48;2;68;42;10m▀[0;38;2;68;42;10;48;2;255;240;166m▀[0;38;2;255;240;166;48;2;234;184;60m▀[0;38;2;36;20;4;48;2;36;20;4m▀[0;38;2;255;251;232;48;2;255;251;232m▀[0;38;2;255;251;232;48;2;122;68;16m▀[0;38;2;122;68;16;48;2;122;68;16m▀[0;38;2;36;20;4;48;2;36;20;4m▀[0;38;2;234;184;60;48;2;234;184;60m▀▀▀▀▀▀[0;38;2;36;20;4;48;2;36;20;4m▀[0;38;2;255;251;232;48;2;255;251;232m▀[0;38;2;255;251;232;48;2;122;68;16m▀[0;38;2;122;68;16;48;2;122;68;16m▀[0;38;2;36;20;4;48;2;36;20;4m▀[0;38;2;234;184;60;48;2;234;184;60m▀[0;38;2;184;132;42;48;2;234;184;60m▀[0;38;2;184;132;42;48;2;184;132;42m▀[0;38;2;68;42;10;48;2;184;132;42m▀[0;38;2;106;74;18;48;2;68;42;10m▀[0;38;2;106;74;18;48;2;106;74;18m▀▀▀[0;38;2;106;74;18;48;2;134;98;26m▀▀[0;38;2;134;98;26;48;2;134;98;26m▀▀▀▀[0;38;2;106;74;18;48;2;134;98;26m▀[0;38;2;106;74;18;48;2;106;74;18m▀▀▀[0;38;2;122;86;20;48;2;122;86;20m▀[0;38;2;255;244;184;48;2;242;207;98m▀[0;38;2;122;86;20;48;2;122;86;20m▀[0m
[0;38;2;122;86;20;48;2;122;86;20m▀[0;38;2;242;207;98;48;2;242;207;98m▀[0;38;2;122;86;20;48;2;122;86;20m▀[0;38;2;106;74;18;48;2;106;74;18m▀▀▀▀▀[0;38;2;68;42;10;48;2;68;42;10m▀[0;38;2;255;240;166;48;2;255;240;166m▀[0;38;2;234;184;60;48;2;234;184;60m▀[0;38;2;36;20;4;48;2;36;20;4m▀[0;38;2;122;68;16;48;2;122;68;16m▀▀[0;38;2;36;20;4;48;2;36;20;4m▀▀[0;38;2;234;184;60;48;2;234;184;60m▀▀▀▀▀▀[0;38;2;36;20;4;48;2;36;20;4m▀[0;38;2;122;68;16;48;2;122;68;16m▀▀[0;38;2;36;20;4;48;2;36;20;4m▀▀[0;38;2;234;184;60;48;2;234;184;60m▀▀[0;38;2;184;132;42;48;2;184;132;42m▀▀[0;38;2;68;42;10;48;2;68;42;10m▀[0;38;2;106;74;18;48;2;160;124;36m▀[0;38;2;106;74;18;48;2;134;98;26m▀[0;38;2;134;98;26;48;2;134;98;26m▀▀▀▀▀▀▀▀▀[0;38;2;106;74;18;48;2;106;74;18m▀[0;38;2;106;74;18;48;2;74;48;10m▀[0;38;2;122;86;20;48;2;122;86;20m▀[0;38;2;242;207;98;48;2;242;207;98m▀[0;38;2;122;86;20;48;2;122;86;20m▀[0m
[0;38;2;122;86;20;48;2;122;86;20m▀[0;38;2;242;207;98;48;2;255;244;184m▀[0;38;2;122;86;20;48;2;122;86;20m▀[0;38;2;242;207;98;48;2;134;98;26m▀[0;38;2;106;74;18;48;2;134;98;26m▀▀▀[0;38;2;106;74;18;48;2;106;74;18m▀[0;38;2;68;42;10;48;2;68;42;10m▀[0;38;2;255;240;166;48;2;255;240;166m▀[0;38;2;234;184;60;48;2;234;184;60m▀▀[0;38;2;36;20;4;48;2;234;184;60m▀▀▀[0;38;2;234;184;60;48;2;234;184;60m▀▀▀▀▀▀▀▀[0;38;2;36;20;4;48;2;234;184;60m▀▀▀[0;38;2;234;184;60;48;2;234;184;60m▀▀▀[0;38;2;184;132;42;48;2;184;132;42m▀▀[0;38;2;68;42;10;48;2;68;42;10m▀[0;38;2;160;124;36;48;2;160;124;36m▀▀[0;38;2;134;98;26;48;2;134;98;26m▀▀▀[0;38;2;134;98;26;48;2;106;74;18m▀▀[0;38;2;134;98;26;48;2;68;42;10m▀[0;38;2;106;74;18;48;2;68;42;10m▀▀▀▀[0;38;2;74;48;10;48;2;68;42;10m▀[0;38;2;122;86;20;48;2;122;86;20m▀[0;38;2;255;244;184;48;2;242;207;98m▀[0;38;2;122;86;20;48;2;122;86;20m▀[0m
[0;38;2;122;86;20;48;2;122;86;20m▀[0;38;2;242;207;98;48;2;242;207;98m▀[0;38;2;122;86;20;48;2;122;86;20m▀[0;38;2;134;98;26;48;2;134;98;26m▀▀▀▀▀[0;38;2;68;42;10;48;2;68;42;10m▀[0;38;2;255;240;166;48;2;184;132;42m▀[0;38;2;234;184;60;48;2;234;184;60m▀▀[0;38;2;234;184;60;48;2;68;42;10m▀[0;38;2;234;184;60;48;2;234;184;60m▀▀▀▀▀▀▀[0;38;2;234;184;60;48;2;68;42;10m▀[0;38;2;234;184;60;48;2;234;184;60m▀▀▀▀▀▀[0;38;2;234;184;60;48;2;184;132;42m▀[0;38;2;184;132;42;48;2;184;132;42m▀▀▀[0;38;2;68;42;10;48;2;68;42;10m▀[0;38;2;160;124;36;48;2;134;98;26m▀[0;38;2;134;98;26;48;2;134;98;26m▀▀[0;38;2;106;74;18;48;2;106;74;18m▀▀[0;38;2;106;74;18;48;2;68;42;10m▀[0;38;2;68;42;10;48;2;255;240;166m▀[0;38;2;255;240;166;48;2;234;184;60m▀[0;38;2;255;240;166;48;2;140;96;30m▀▀▀▀[0;38;2;184;132;42;48;2;234;184;60m▀[0;38;2;68;42;10;48;2;184;132;42m▀[0;38;2;242;207;98;48;2;68;42;10m▀[0;38;2;122;86;20;48;2;122;86;20m▀[0m
[0;38;2;122;86;20;48;2;122;86;20m▀[0;38;2;242;207;98;48;2;255;244;184m▀[0;38;2;122;86;20;48;2;122;86;20m▀[0;38;2;134;98;26;48;2;134;98;26m▀▀▀▀▀[0;38;2;68;42;10;48;2;160;124;36m▀[0;38;2;184;132;42;48;2;68;42;10m▀[0;38;2;184;132;42;48;2;184;132;42m▀[0;38;2;234;184;60;48;2;184;132;42m▀[0;38;2;234;184;60;48;2;234;184;60m▀[0;38;2;68;42;10;48;2;234;184;60m▀[0;38;2;90;48;8;48;2;68;42;10m▀[0;38;2;90;48;8;48;2;90;48;8m▀[0;38;2;90;48;8;48;2;227;156;86m▀▀[0;38;2;90;48;8;48;2;68;42;10m▀[0;38;2;68;42;10;48;2;234;184;60m▀[0;38;2;234;184;60;48;2;234;184;60m▀▀▀▀▀[0;38;2;234;184;60;48;2;184;132;42m▀[0;38;2;184;132;42;48;2;184;132;42m▀▀▀▀[0;38;2;184;132;42;48;2;68;42;10m▀[0;38;2;68;42;10;48;2;160;124;36m▀[0;38;2;134;98;26;48;2;160;124;36m▀▀▀[0;38;2;106;74;18;48;2;160;124;36m▀[0;38;2;106;74;18;48;2;68;42;10m▀[0;38;2;68;42;10;48;2;255;240;166m▀[0;38;2;255;240;166;48;2;234;184;60m▀[0;38;2;140;96;30;48;2;140;96;30m▀[0;38;2;234;184;60;48;2;234;184;60m▀[0;38;2;234;184;60;48;2;140;96;30m▀▀[0;38;2;234;184;60;48;2;234;184;60m▀[0;38;2;140;96;30;48;2;140;96;30m▀[0;38;2;184;132;42;48;2;184;132;42m▀[0;38;2;68;42;10;48;2;184;132;42m▀[0;38;2;122;86;20;48;2;68;42;10m▀[0m
[0;38;2;122;86;20;48;2;122;86;20m▀[0;38;2;242;207;98;48;2;242;207;98m▀[0;38;2;122;86;20;48;2;122;86;20m▀[0;38;2;106;74;18;48;2;106;74;18m▀▀▀▀▀▀[0;38;2;134;98;26;48;2;134;98;26m▀[0;38;2;68;42;10;48;2;134;98;26m▀[0;38;2;184;132;42;48;2;68;42;10m▀[0;38;2;184;132;42;48;2;184;132;42m▀[0;38;2;234;184;60;48;2;184;132;42m▀▀[0;38;2;68;42;10;48;2;184;132;42m▀[0;38;2;68;42;10;48;2;234;184;60m▀▀[0;38;2;234;184;60;48;2;234;184;60m▀▀▀[0;38;2;234;184;60;48;2;184;132;42m▀▀▀[0;38;2;184;132;42;48;2;184;132;42m▀▀▀▀[0;38;2;184;132;42;48;2;68;42;10m▀[0;38;2;68;42;10;48;2;160;124;36m▀[0;38;2;160;124;36;48;2;160;124;36m▀▀▀▀▀[0;38;2;134;98;26;48;2;134;98;26m▀[0;38;2;68;42;10;48;2;134;98;26m▀[0;38;2;255;240;166;48;2;68;42;10m▀[0;38;2;234;184;60;48;2;234;184;60m▀[0;38;2;140;96;30;48;2;140;96;30m▀[0;38;2;234;184;60;48;2;234;184;60m▀[0;38;2;140;96;30;48;2;234;184;60m▀[0;38;2;234;184;60;48;2;140;96;30m▀▀[0;38;2;140;96;30;48;2;184;132;42m▀[0;38;2;184;132;42;48;2;184;132;42m▀[0;38;2;184;132;42;48;2;68;42;10m▀[0;38;2;68;42;10;48;2;122;86;20m▀[0m
[0;38;2;122;86;20;48;2;122;86;20m▀[0;38;2;242;207;98;48;2;255;244;184m▀[0;38;2;122;86;20;48;2;122;86;20m▀[0;38;2;106;74;18;48;2;106;74;18m▀▀▀▀[0;38;2;106;74;18;48;2;134;98;26m▀▀[0;38;2;134;98;26;48;2;134;98;26m▀[0;38;2;134;98;26;48;2;160;124;36m▀[0;38;2;160;124;36;48;2;160;124;36m▀[0;38;2;68;42;10;48;2;160;124;36m▀[0;38;2;184;132;42;48;2;68;42;10m▀▀▀[0;38;2;184;132;42;48;2;184;132;42m▀▀▀▀▀▀▀▀[0;38;2;184;132;42;48;2;68;42;10m▀▀▀[0;38;2;68;42;10;48;2;160;124;36m▀[0;38;2;134;98;26;48;2;160;124;36m▀[0;38;2;134;98;26;48;2;134;98;26m▀▀▀[0;38;2;134;98;26;48;2;58;34;6m▀[0;38;2;160;124;36;48;2;58;34;6m▀▀[0;38;2;134;98;26;48;2;58;34;6m▀▀[0;38;2;68;42;10;48;2;134;98;26m▀[0;38;2;184;132;42;48;2;68;42;10m▀[0;38;2;234;184;60;48;2;184;132;42m▀[0;38;2;140;96;30;48;2;184;132;42m▀[0;38;2;234;184;60;48;2;184;132;42m▀▀[0;38;2;184;132;42;48;2;184;132;42m▀▀[0;38;2;184;132;42;48;2;68;42;10m▀[0;38;2;68;42;10;48;2;242;207;98m▀[0;38;2;122;86;20;48;2;122;86;20m▀[0m
[0;38;2;122;86;20;48;2;122;86;20m▀[0;38;2;242;207;98;48;2;242;207;98m▀[0;38;2;122;86;20;48;2;68;42;10m▀[0;38;2;68;42;10;48;2;255;240;166m▀▀[0;38;2;68;42;10;48;2;184;132;42m▀[0;38;2;134;98;26;48;2;68;42;10m▀[0;38;2;134;98;26;48;2;134;98;26m▀▀▀[0;38;2;160;124;36;48;2;134;98;26m▀[0;38;2;160;124;36;48;2;160;124;36m▀[0;38;2;160;124;36;48;2;134;98;26m▀▀[0;38;2;134;98;26;48;2;134;98;26m▀▀[0;38;2;68;42;10;48;2;134;98;26m▀[0;38;2;68;42;10;48;2;68;42;10m▀[0;38;2;68;42;10;48;2;234;184;60m▀▀▀[0;38;2;68;42;10;48;2;184;132;42m▀▀[0;38;2;68;42;10;48;2;68;42;10m▀[0;38;2;134;98;26;48;2;134;98;26m▀▀[0;38;2;160;124;36;48;2;134;98;26m▀[0;38;2;160;124;36;48;2;160;124;36m▀▀[0;38;2;160;124;36;48;2;58;34;6m▀[0;38;2;58;34;6;48;2;255;240;184m▀▀[0;38;2;255;240;184;48;2;255;240;184m▀▀[0;38;2;255;240;184;48;2;200;138;42m▀▀▀[0;38;2;58;34;6;48;2;200;138;42m▀[0;38;2;58;34;6;48;2;216;176;96m▀[0;38;2;184;132;42;48;2;58;34;6m▀[0;38;2;184;132;42;48;2;184;132;42m▀[0;38;2;184;132;42;48;2;68;42;10m▀[0;38;2;68;42;10;48;2;106;74;18m▀[0;38;2;68;42;10;48;2;74;48;10m▀[0;38;2;68;42;10;48;2;106;74;18m▀[0;38;2;122;86;20;48;2;122;86;20m▀[0;38;2;242;207;98;48;2;242;207;98m▀[0;38;2;122;86;20;48;2;122;86;20m▀[0m
[0;38;2;122;86;20;48;2;122;86;20m▀[0;38;2;68;42;10;48;2;68;42;10m▀[0;38;2;255;240;166;48;2;184;132;42m▀[0;38;2;234;184;60;48;2;184;132;42m▀[0;38;2;234;184;60;48;2;234;184;60m▀▀▀[0;38;2;68;42;10;48;2;234;184;60m▀▀[0;38;2;68;42;10;48;2;255;240;166m▀[0;38;2;106;74;18;48;2;68;42;10m▀▀[0;38;2;134;98;26;48;2;68;42;10m▀▀▀[0;38;2;68;42;10;48;2;234;184;60m▀[0;38;2;68;42;10;48;2;255;240;184m▀[0;38;2;234;184;60;48;2;255;240;184m▀▀[0;38;2;255;240;184;48;2;255;240;184m▀[0;38;2;234;184;60;48;2;255;240;184m▀▀▀[0;38;2;184;132;42;48;2;234;184;60m▀[0;38;2;68;42;10;48;2;234;184;60m▀[0;38;2;68;42;10;48;2;184;132;42m▀[0;38;2;134;98;26;48;2;68;42;10m▀▀[0;38;2;58;34;6;48;2;216;176;96m▀[0;38;2;255;240;184;48;2;216;176;96m▀[0;38;2;255;240;184;48;2;255;240;184m▀▀[0;38;2;255;240;184;48;2;200;138;42m▀[0;38;2;200;138;42;48;2;138;90;24m▀▀▀▀▀[0;38;2;200;138;42;48;2;200;138;42m▀[0;38;2;216;176;96;48;2;138;90;24m▀[0;38;2;58;34;6;48;2;58;34;6m▀[0;38;2;68;42;10;48;2;106;74;18m▀[0;38;2;106;74;18;48;2;74;48;10m▀[0;38;2;74;48;10;48;2;74;48;10m▀▀[0;38;2;122;86;20;48;2;122;86;20m▀[0;38;2;255;244;184;48;2;242;207;98m▀[0;38;2;122;86;20;48;2;122;86;20m▀[0m
[0;38;2;122;86;20;48;2;122;86;20m▀[0;38;2;242;207;98;48;2;242;207;98m▀[0;38;2;68;42;10;48;2;122;86;20m▀▀[0;38;2;184;132;42;48;2;68;42;10m▀▀▀▀[0;38;2;234;184;60;48;2;184;132;42m▀▀▀[0;38;2;234;184;60;48;2;234;184;60m▀[0;38;2;255;240;166;48;2;184;132;42m▀[0;38;2;184;132;42;48;2;184;132;42m▀[0;38;2;68;42;10;48;2;68;42;10m▀[0;38;2;255;240;184;48;2;255;255;255m▀[0;38;2;255;240;184;48;2;255;240;184m▀▀▀▀▀▀▀▀[0;38;2;234;184;60;48;2;255;240;184m▀[0;38;2;234;184;60;48;2;234;184;60m▀[0;38;2;184;132;42;48;2;234;184;60m▀[0;38;2;184;132;42;48;2;184;132;42m▀[0;38;2;68;42;10;48;2;184;132;42m▀[0;38;2;216;176;96;48;2;68;42;10m▀[0;38;2;255;240;184;48;2;216;176;96m▀[0;38;2;200;138;42;48;2;200;138;42m▀▀▀▀[0;38;2;138;90;24;48;2;138;90;24m▀[0;38;2;200;138;42;48;2;200;138;42m▀▀▀▀[0;38;2;138;90;24;48;2;138;90;24m▀[0;38;2;58;34;6;48;2;58;34;6m▀[0;38;2;74;48;10;48;2;122;86;20m▀▀▀[0;38;2;122;86;20;48;2;122;86;20m▀[0;38;2;242;207;98;48;2;242;207;98m▀[0;38;2;122;86;20;48;2;122;86;20m▀[0m
[0;38;2;242;207;98;48;2;122;86;20m▀[0;38;2;255;255;255;48;2;242;207;98m▀[0;38;2;242;207;98;48;2;122;86;20m▀▀▀▀[0;38;2;255;244;184;48;2;122;86;20m▀[0;38;2;242;207;98;48;2;122;86;20m▀[0;38;2;68;42;10;48;2;122;86;20m▀▀[0;38;2;68;42;10;48;2;68;42;10m▀[0;38;2;184;132;42;48;2;68;42;10m▀[0;38;2;184;132;42;48;2;216;176;96m▀▀[0;38;2;68;42;10;48;2;216;176;96m▀[0;38;2;255;255;255;48;2;216;176;96m▀[0;38;2;255;240;184;48;2;216;176;96m▀▀▀▀▀▀[0;38;2;255;240;184;48;2;255;240;184m▀▀▀▀[0;38;2;234;184;60;48;2;234;184;60m▀[0;38;2;184;132;42;48;2;234;184;60m▀[0;38;2;184;132;42;48;2;184;132;42m▀[0;38;2;68;42;10;48;2;184;132;42m▀[0;38;2;216;176;96;48;2;68;42;10m▀[0;38;2;200;138;42;48;2;240;192;96m▀[0;38;2;200;138;42;48;2;138;90;24m▀▀▀[0;38;2;138;90;24;48;2;138;90;24m▀[0;38;2;200;138;42;48;2;138;90;24m▀▀▀[0;38;2;200;138;42;48;2;200;138;42m▀[0;38;2;138;90;24;48;2;138;90;24m▀[0;38;2;58;34;6;48;2;58;34;6m▀[0;38;2;255;244;184;48;2;122;86;20m▀[0;38;2;242;207;98;48;2;122;86;20m▀▀▀[0;38;2;255;255;255;48;2;242;207;98m▀[0;38;2;242;207;98;48;2;122;86;20m▀[0m
