[0m  [0;38;2;255;255;255m▄[0m  [0;38;2;28;61;100m▄▄[0;38;2;28;61;100;48;2;124;203;234m▀▀▀▀▀▀▀▀[0;38;2;28;61;100m▄▄[0m[0m
[0m   [0;38;2;28;61;100m▄[0;38;2;28;61;100;48;2;124;203;234m▀[0;38;2;124;203;234;48;2;194;240;255m▀▀[0;38;2;194;240;255;48;2;124;203;234m▀▀[0;38;2;124;203;234;48;2;124;203;234m▀▀▀▀▀▀▀[0;38;2;79;157;203;48;2;124;203;234m▀[0;38;2;28;61;100;48;2;79;157;203m▀[0;38;2;28;61;100m▄[0m     [0;38;2;191;244;255;48;2;191;244;255m▀[0m     [0;38;2;255;255;255m▀[0m[0m
[0m  [0;38;2;28;61;100;48;2;28;61;100m▀[0;38;2;124;203;234;48;2;124;203;234m▀▀[0;38;2;124;203;234;48;2;26;16;20m▀[0;38;2;26;16;20;48;2;255;255;255m▀[0;38;2;26;16;20;48;2;154;52;32m▀[0;38;2;124;203;234;48;2;26;16;20m▀[0;38;2;124;203;234;48;2;124;203;234m▀▀▀[0;38;2;124;203;234;48;2;26;16;20m▀[0;38;2;26;16;20;48;2;255;255;255m▀[0;38;2;26;16;20;48;2;154;52;32m▀[0;38;2;124;203;234;48;2;26;16;20m▀[0;38;2;124;203;234;48;2;124;203;234m▀[0;38;2;79;157;203;48;2;79;157;203m▀▀[0;38;2;28;61;100;48;2;28;61;100m▀[0m  [0;38;2;191;244;255m▀▀[0;38;2;255;255;255;48;2;191;244;255m▀[0;38;2;191;244;255m▀▀[0m[0m
[0m  [0;38;2;28;61;100;48;2;28;61;100m▀[0;38;2;124;203;234;48;2;124;203;234m▀▀[0;38;2;26;16;20;48;2;26;16;20m▀[0;38;2;154;52;32;48;2;154;52;32m▀▀[0;38;2;26;16;20;48;2;26;16;20m▀[0;38;2;124;203;234;48;2;124;203;234m▀▀▀[0;38;2;26;16;20;48;2;26;16;20m▀[0;38;2;154;52;32;48;2;154;52;32m▀▀[0;38;2;26;16;20;48;2;26;16;20m▀[0;38;2;124;203;234;48;2;124;203;234m▀[0;38;2;79;157;203;48;2;79;157;203m▀▀[0;38;2;28;61;100;48;2;28;61;100m▀[0m    [0;38;2;191;244;255m▀[0m[0m
[0m  [0;38;2;28;61;100;48;2;28;61;100m▀[0;38;2;124;203;234;48;2;124;203;234m▀▀▀[0;38;2;26;16;20;48;2;124;203;234m▀▀[0;38;2;124;203;234;48;2;124;203;234m▀▀▀▀▀[0;38;2;26;16;20;48;2;124;203;234m▀▀[0;38;2;124;203;234;48;2;124;203;234m▀[0;38;2;124;203;234;48;2;79;157;203m▀[0;38;2;79;157;203;48;2;79;157;203m▀▀[0;38;2;28;61;100;48;2;28;61;100m▀[0;38;2;255;255;255m▀[0m       [0;38;2;191;244;255m▄[0m[0m
[0m [0;38;2;191;244;255m▄[0m [0;38;2;28;61;100;48;2;28;61;100m▀[0;38;2;124;203;234;48;2;79;157;203m▀[0;38;2;124;203;234;48;2;124;203;234m▀[0;38;2;28;61;100;48;2;124;203;234m▀[0;38;2;124;203;234;48;2;28;61;100m▀[0;38;2;124;203;234;48;2;122;36;54m▀▀▀[0;38;2;124;203;234;48;2;28;61;100m▀[0;38;2;28;61;100;48;2;124;203;234m▀[0;38;2;124;203;234;48;2;124;203;234m▀▀[0;38;2;79;157;203;48;2;79;157;203m▀▀▀[0;38;2;28;61;100;48;2;28;61;100m▀[0m        [0;38;2;191;244;255m▀[0;38;2;255;255;255;48;2;191;244;255m▀[0;38;2;191;244;255m▀[0m[0m
[0;38;2;191;244;255m▀[0;38;2;255;255;255;48;2;191;244;255m▀[0;38;2;191;244;255m▀[0m [0;38;2;28;61;100m▀[0;38;2;79;157;203;48;2;28;61;100m▀▀[0;38;2;124;203;234;48;2;79;157;203m▀[0;38;2;28;61;100;48;2;79;157;203m▀[0;38;2;232;120;138;48;2;79;157;203m▀[0;38;2;28;61;100;48;2;79;157;203m▀[0;38;2;124;203;234;48;2;79;157;203m▀▀[0;38;2;79;157;203;48;2;79;157;203m▀▀[0;38;2;79;157;203;48;2;28;61;100m▀▀[0;38;2;28;61;100;48;2;245;224;160m▀[0;38;2;245;224;160;48;2;220;146;72m▀[0;38;2;69;35;11;48;2;220;146;72m▀▀[0;38;2;69;35;11m▄▄[0m[0m
[0m     [0;38;2;28;61;100m▄[0;38;2;28;61;100;48;2;124;203;234m▀[0;38;2;28;61;100;48;2;255;247;214m▀▀▀▀▀▀[0;38;2;28;61;100;48;2;124;203;234m▀▀[0;38;2;124;203;234;48;2;79;157;203m▀[0;38;2;28;61;100;48;2;79;157;203m▀[0;38;2;245;224;160;48;2;28;61;100m▀[0;38;2;220;146;72;48;2;245;224;160m▀[0;38;2;180;102;42;48;2;220;146;72m▀[0;38;2;180;102;42;48;2;180;102;42m▀▀[0;38;2;134;70;27;48;2;180;102;42m▀[0;38;2;69;35;11;48;2;134;70;27m▀[0;38;2;69;35;11m▄[0m [0;38;2;28;61;100m▄▄▄▄[0m[0m
[0m [0;38;2;28;61;100m▄[0;38;2;28;61;100;48;2;194;240;255m▀▀[0;38;2;28;61;100;48;2;124;203;234m▀[0;38;2;28;61;100;48;2;28;61;100m▀[0;38;2;255;247;214;48;2;255;247;214m▀[0;38;2;245;224;160;48;2;245;224;160m▀▀▀▀▀▀▀[0;38;2;124;203;234;48;2;124;203;234m▀[0;38;2;124;203;234;48;2;79;157;203m▀[0;38;2;79;157;203;48;2;79;157;203m▀[0;38;2;28;61;100;48;2;79;157;203m▀[0;38;2;245;224;160;48;2;28;61;100m▀[0;38;2;220;146;72;48;2;245;224;160m▀[0;38;2;180;102;42;48;2;134;70;27m▀▀▀[0;38;2;134;70;27;48;2;134;70;27m▀[0;38;2;69;35;11;48;2;134;70;27m▀[0;38;2;28;61;100;48;2;69;35;11m▀[0;38;2;124;203;234;48;2;194;240;255m▀[0;38;2;194;240;255;48;2;124;203;234m▀[0;38;2;194;240;255;48;2;58;120;168m▀[0;38;2;124;203;234;48;2;58;120;168m▀[0;38;2;28;61;100;48;2;124;203;234m▀[0;38;2;28;61;100m▄[0m
[0m [0;38;2;28;61;100m▀[0;38;2;124;203;234;48;2;28;61;100m▀▀[0;38;2;79;157;203;48;2;28;61;100m▀[0;38;2;28;61;100;48;2;28;61;100m▀[0;38;2;255;247;214;48;2;255;247;214m▀[0;38;2;245;224;160;48;2;216;180;102m▀▀▀▀▀▀[0;38;2;245;224;160;48;2;245;224;160m▀[0;38;2;124;203;234;48;2;124;203;234m▀▀[0;38;2;79;157;203;48;2;79;157;203m▀▀[0;38;2;28;61;100;48;2;28;61;100m▀[0;38;2;245;224;160;48;2;245;224;160m▀[0;38;2;220;146;72;48;2;180;102;42m▀[0;38;2;180;102;42;48;2;180;102;42m▀[0;38;2;134;70;27;48;2;134;70;27m▀[0;38;2;220;146;72;48;2;180;102;42m▀[0;38;2;180;102;42;48;2;134;70;27m▀[0;38;2;69;35;11;48;2;69;35;11m▀[0;38;2;124;203;234;48;2;124;203;234m▀[0;38;2;58;120;168;48;2;58;120;168m▀[0;38;2;124;203;234;48;2;124;203;234m▀[0;38;2;124;203;234;48;2;58;120;168m▀[0;38;2;58;120;168;48;2;79;157;203m▀[0;38;2;28;61;100;48;2;28;61;100m▀[0m
[0m    [0;38;2;28;61;100;48;2;28;61;100m▀[0;38;2;124;203;234;48;2;124;203;234m▀[0;38;2;255;247;214;48;2;255;247;214m▀[0;38;2;245;224;160;48;2;216;180;102m▀▀▀▀▀▀[0;38;2;245;224;160;48;2;245;224;160m▀[0;38;2;124;203;234;48;2;124;203;234m▀[0;38;2;124;203;234;48;2;79;157;203m▀[0;38;2;79;157;203;48;2;79;157;203m▀▀[0;38;2;28;61;100;48;2;28;61;100m▀[0;38;2;245;224;160;48;2;245;224;160m▀[0;38;2;180;102;42;48;2;134;70;27m▀▀[0;38;2;134;70;27;48;2;134;70;27m▀[0;38;2;180;102;42;48;2;134;70;27m▀[0;38;2;134;70;27;48;2;134;70;27m▀[0;38;2;69;35;11;48;2;69;35;11m▀[0;38;2;124;203;234;48;2;79;157;203m▀[0;38;2;79;157;203;48;2;79;157;203m▀[0;38;2;58;120;168;48;2;79;157;203m▀▀[0;38;2;79;157;203;48;2;79;157;203m▀[0;38;2;28;61;100;48;2;28;61;100m▀[0m
[0m [0;38;2;255;255;255m▄[0m   [0;38;2;28;61;100;48;2;28;61;100m▀[0;38;2;245;224;160;48;2;245;224;160m▀▀▀▀▀▀[0;38;2;245;224;160;48;2;216;180;102m▀[0;38;2;216;180;102;48;2;216;180;102m▀[0;38;2;124;203;234;48;2;79;157;203m▀[0;38;2;79;157;203;48;2;79;157;203m▀▀[0;38;2;28;61;100;48;2;28;61;100m▀[0;38;2;245;224;160;48;2;245;224;160m▀[0;38;2;216;180;102;48;2;216;180;102m▀[0;38;2;180;102;42;48;2;180;102;42m▀▀[0;38;2;180;102;42;48;2;134;70;27m▀[0;38;2;134;70;27;48;2;134;70;27m▀[0;38;2;69;35;11;48;2;69;35;11m▀[0;38;2;124;203;234;48;2;124;203;234m▀▀[0;38;2;79;157;203;48;2;79;157;203m▀▀[0;38;2;79;157;203;48;2;28;61;100m▀[0;38;2;28;61;100m▀[0m[0m
[0m    [0;38;2;28;61;100m▄[0;38;2;28;61;100;48;2;124;203;234m▀[0;38;2;79;157;203;48;2;124;203;234m▀[0;38;2;216;180;102;48;2;124;203;234m▀[0;38;2;216;180;102;48;2;79;157;203m▀[0;38;2;216;180;102;48;2;28;61;100m▀▀▀▀[0;38;2;79;157;203;48;2;124;203;234m▀▀▀[0;38;2;28;61;100;48;2;79;157;203m▀[0;38;2;245;224;160;48;2;28;61;100m▀[0;38;2;216;180;102;48;2;216;180;102m▀[0;38;2;180;102;42;48;2;134;70;27m▀[0;38;2;134;70;27;48;2;134;70;27m▀[0;38;2;134;70;27;48;2;69;35;11m▀▀[0;38;2;69;35;11;48;2;28;61;100m▀[0;38;2;124;203;234;48;2;28;61;100m▀[0;38;2;79;157;203;48;2;28;61;100m▀[0;38;2;79;157;203m▀▀[0;38;2;28;61;100m▀[0m [0;38;2;191;244;255m▄[0m[0m
[0m    [0;38;2;28;61;100m▀[0;38;2;124;203;234;48;2;28;61;100m▀▀[0;38;2;79;157;203;48;2;28;61;100m▀▀[0;38;2;28;61;100m▀[0m  [0;38;2;28;61;100m▀[0;38;2;124;203;234;48;2;28;61;100m▀▀[0;38;2;79;157;203;48;2;28;61;100m▀▀[0;38;2;28;61;100m▀[0;38;2;69;35;11m▀▀▀[0m        [0;38;2;191;244;255m▀[0;38;2;255;255;255;48;2;191;244;255m▀[0;38;2;191;244;255m▀[0m
