[0;38;2;122;86;20;48;2;242;207;98m▀[0;38;2;242;207;98;48;2;255;255;255m▀[0;38;2;122;86;20;48;2;242;207;98m▀[0;38;2;122;86;20;48;2;255;244;184m▀[0;38;2;122;86;20;48;2;242;207;98m▀▀▀[0;38;2;122;86;20;48;2;255;244;184m▀[0;38;2;122;86;20;48;2;242;207;98m▀▀▀[0;38;2;122;86;20;48;2;255;244;184m▀[0;38;2;122;86;20;48;2;242;207;98m▀▀▀[0;38;2;122;86;20;48;2;255;244;184m▀[0;38;2;122;86;20;48;2;242;207;98m▀▀▀[0;38;2;122;86;20;48;2;255;244;184m▀[0;38;2;122;86;20;48;2;242;207;98m▀▀▀[0;38;2;122;86;20;48;2;255;244;184m▀[0;38;2;122;86;20;48;2;242;207;98m▀▀▀[0;38;2;122;86;20;48;2;255;244;184m▀[0;38;2;122;86;20;48;2;242;207;98m▀▀▀[0;38;2;122;86;20;48;2;255;244;184m▀[0;38;2;122;86;20;48;2;242;207;98m▀▀▀[0;38;2;122;86;20;48;2;255;244;184m▀[0;38;2;122;86;20;48;2;242;207;98m▀▀▀[0;38;2;122;86;20;48;2;255;244;184m▀[0;38;2;122;86;20;48;2;242;207;98m▀▀▀[0;38;2;122;86;20;48;2;255;244;184m▀[0;38;2;122;86;20;48;2;242;207;98m▀▀[0;38;2;242;207;98;48;2;255;255;255m▀[0;38;2;122;86;20;48;2;242;207;98m▀[0m
[0;38;2;122;86;20;48;2;122;86;20m▀[0;38;2;242;207;98;48;2;255;244;184m▀[0;38;2;122;86;20;48;2;122;86;20m▀[0;38;2;122;86;20;48;2;106;74;18m▀▀▀▀▀[0;38;2;122;86;20;48;2;74;48;10m▀▀▀▀▀▀[0;38;2;122;86;20;48;2;106;74;18m▀▀[0;38;2;122;86;20;48;2;134;98;26m▀▀▀▀▀▀[0;38;2;122;86;20;48;2;106;74;18m▀▀▀▀▀[0;38;2;122;86;20;48;2;242;207;98m▀[0;38;2;122;86;20;48;2;134;98;26m▀▀[0;38;2;122;86;20;48;2;106;74;18m▀▀▀▀▀▀[0;38;2;122;86;20;48;2;74;48;10m▀▀▀▀▀▀▀▀▀[0;38;2;122;86;20;48;2;122;86;20m▀[0;38;2;242;207;98;48;2;242;207;98m▀[0;38;2;122;86;20;48;2;122;86;20m▀[0m
[0;38;2;122;86;20;48;2;122;86;20m▀[0;38;2;242;207;98;48;2;242;207;98m▀[0;38;2;122;86;20;48;2;122;86;20m▀[0;38;2;106;74;18;48;2;106;74;18m▀▀▀▀▀▀[0;38;2;74;48;10;48;2;134;98;26m▀[0;38;2;74;48;10;48;2;106;74;18m▀[0;38;2;106;74;18;48;2;106;74;18m▀▀▀▀▀[0;38;2;134;98;26;48;2;62;42;16m▀▀▀▀▀▀[0;38;2;106;74;18;48;2;62;42;16m▀▀[0;38;2;106;74;18;48;2;106;74;18m▀▀▀[0;38;2;106;74;18;48;2;134;98;26m▀[0;38;2;134;98;26;48;2;134;98;26m▀▀▀▀▀[0;38;2;106;74;18;48;2;134;98;26m▀[0;38;2;106;74;18;48;2;106;74;18m▀[0;38;2;74;48;10;48;2;74;48;10m▀▀▀▀▀▀▀▀▀▀[0;38;2;122;86;20;48;2;122;86;20m▀[0;38;2;242;207;98;48;2;242;207;98m▀[0;38;2;122;86;20;48;2;122;86;20m▀[0m
[0;38;2;122;86;20;48;2;122;86;20m▀[0;38;2;242;207;98;48;2;255;244;184m▀[0;38;2;122;86;20;48;2;122;86;20m▀[0;38;2;106;74;18;48;2;106;74;18m▀▀[0;38;2;242;207;98;48;2;106;74;18m▀[0;38;2;106;74;18;48;2;134;98;26m▀[0;38;2;134;98;26;48;2;134;98;26m▀▀▀▀[0;38;2;106;74;18;48;2;134;98;26m▀[0;38;2;106;74;18;48;2;62;42;16m▀[0;38;2;62;42;16;48;2;255;246;204m▀▀▀[0;38;2;255;246;204;48;2;240;196;100m▀▀▀▀▀▀▀▀[0;38;2;62;42;16;48;2;255;246;204m▀[0;38;2;62;42;16;48;2;188;140;62m▀▀[0;38;2;134;98;26;48;2;62;42;16m▀[0;38;2;134;98;26;48;2;134;98;26m▀▀▀▀[0;38;2;134;98;26;48;2;106;74;18m▀[0;38;2;106;74;18;48;2;106;74;18m▀▀▀▀[0;38;2;74;48;10;48;2;106;74;18m▀[0;38;2;74;48;10;48;2;74;48;10m▀▀▀▀[0;38;2;74;48;10;48;2;106;74;18m▀[0;38;2;106;74;18;48;2;106;74;18m▀▀[0;38;2;122;86;20;48;2;122;86;20m▀[0;38;2;255;244;184;48;2;242;207;98m▀[0;38;2;122;86;20;48;2;122;86;20m▀[0m
[0;38;2;122;86;20;48;2;122;86;20m▀[0;38;2;242;207;98;48;2;242;207;98m▀[0;38;2;122;86;20;48;2;122;86;20m▀[0;38;2;74;48;10;48;2;106;74;18m▀[0;38;2;106;74;18;48;2;106;74;18m▀[0;38;2;134;98;26;48;2;134;98;26m▀▀▀▀▀[0;38;2;134;98;26;48;2;62;42;16m▀[0;38;2;62;42;16;48;2;255;246;204m▀[0;38;2;255;246;204;48;2;36;20;4m▀[0;38;2;240;196;100;48;2;36;20;4m▀▀[0;38;2;240;196;100;48;2;240;196;100m▀▀▀▀▀▀▀▀[0;38;2;240;196;100;48;2;36;20;4m▀▀▀[0;38;2;188;140;62;48;2;240;196;100m▀[0;38;2;188;140;62;48;2;188;140;62m▀[0;38;2;62;42;16;48;2;188;140;62m▀[0;38;2;134;98;26;48;2;62;42;16m▀[0;38;2;134;98;26;48;2;134;98;26m▀[0;38;2;134;98;26;48;2;106;74;18m▀[0;38;2;106;74;18;48;2;106;74;18m▀▀▀▀▀▀▀[0;38;2;74;48;10;48;2;134;98;26m▀[0;38;2;106;74;18;48;2;134;98;26m▀[0;38;2;106;74;18;48;2;106;74;18m▀▀▀▀[0;38;2;122;86;20;48;2;122;86;20m▀[0;38;2;242;207;98;48;2;242;207;98m▀[0;38;2;122;86;20;48;2;122;86;20m▀[0m
[0;38;2;122;86;20;48;2;122;86;20m▀[0;38;2;242;207;98;48;2;255;244;184m▀[0;38;2;122;86;20;48;2;122;86;20m▀[0;38;2;106;74;18;48;2;106;74;18m▀▀▀▀[0;38;2;134;98;26;48;2;106;74;18m▀[0;38;2;134;98;26;48;2;62;42;16m▀[0;38;2;62;42;16;48;2;255;246;204m▀[0;38;2;255;246;204;48;2;240;196;100m▀[0;38;2;36;20;4;48;2;36;20;4m▀[0;38;2;255;251;232;48;2;255;251;232m▀[0;38;2;255;251;232;48;2;122;68;16m▀[0;38;2;122;68;16;48;2;122;68;16m▀[0;38;2;36;20;4;48;2;36;20;4m▀[0;38;2;240;196;100;48;2;240;196;100m▀▀▀▀▀▀[0;38;2;36;20;4;48;2;36;20;4m▀[0;38;2;255;251;232;48;2;255;251;232m▀[0;38;2;255;251;232;48;2;122;68;16m▀[0;38;2;122;68;16;48;2;122;68;16m▀[0;38;2;36;20;4;48;2;36;20;4m▀[0;38;2;240;196;100;48;2;240;196;100m▀[0;38;2;188;140;62;48;2;240;196;100m▀[0;38;2;188;140;62;48;2;188;140;62m▀[0;38;2;62;42;16;48;2;188;140;62m▀[0;38;2;106;74;18;48;2;62;42;16m▀[0;38;2;106;74;18;48;2;106;74;18m▀▀▀[0;38;2;106;74;18;48;2;134;98;26m▀▀[0;38;2;134;98;26;48;2;134;98;26m▀▀▀▀[0;38;2;106;74;18;48;2;134;98;26m▀[0;38;2;106;74;18;48;2;106;74;18m▀▀▀[0;38;2;122;86;20;48;2;122;86;20m▀[0;38;2;255;244;184;48;2;242;207;98m▀[0;38;2;122;86;20;48;2;122;86;20m▀[0m
[0;38;2;122;86;20;48;2;122;86;20m▀[0;38;2;242;207;98;48;2;242;207;98m▀[0;38;2;122;86;20;48;2;122;86;20m▀[0;38;2;106;74;18;48;2;106;74;18m▀▀▀▀▀[0;38;2;62;42;16;48;2;62;42;16m▀[0;38;2;255;246;204;48;2;255;246;204m▀[0;38;2;240;196;100;48;2;240;196;100m▀[0;38;2;36;20;4;48;2;36;20;4m▀[0;38;2;122;68;16;48;2;122;68;16m▀▀[0;38;2;36;20;4;48;2;36;20;4m▀▀[0;38;2;240;196;100;48;2;240;196;100m▀▀▀▀▀▀[0;38;2;36;20;4;48;2;36;20;4m▀[0;38;2;122;68;16;48;2;122;68;16m▀▀[0;38;2;36;20;4;48;2;36;20;4m▀▀[0;38;2;240;196;100;48;2;240;196;100m▀▀[0;38;2;188;140;62;48;2;188;140;62m▀▀[0;38;2;62;42;16;48;2;62;42;16m▀[0;38;2;106;74;18;48;2;160;124;36m▀[0;38;2;106;74;18;48;2;134;98;26m▀[0;38;2;134;98;26;48;2;134;98;26m▀▀▀▀▀▀▀▀▀[0;38;2;106;74;18;48;2;106;74;18m▀[0;38;2;106;74;18;48;2;74;48;10m▀[0;38;2;122;86;20;48;2;122;86;20m▀[0;38;2;242;207;98;48;2;242;207;98m▀[0;38;2;122;86;20;48;2;122;86;20m▀[0m
[0;38;2;122;86;20;48;2;122;86;20m▀[0;38;2;242;207;98;48;2;255;244;184m▀[0;38;2;122;86;20;48;2;122;86;20m▀[0;38;2;242;207;98;48;2;134;98;26m▀[0;38;2;106;74;18;48;2;134;98;26m▀▀▀[0;38;2;106;74;18;48;2;106;74;18m▀[0;38;2;62;42;16;48;2;62;42;16m▀[0;38;2;255;246;204;48;2;255;246;204m▀[0;38;2;240;196;100;48;2;240;196;100m▀▀[0;38;2;36;20;4;48;2;240;196;100m▀▀▀[0;38;2;240;196;100;48;2;240;196;100m▀▀▀▀▀▀▀▀[0;38;2;36;20;4;48;2;240;196;100m▀▀▀[0;38;2;240;196;100;48;2;240;196;100m▀▀▀[0;38;2;188;140;62;48;2;188;140;62m▀▀[0;38;2;62;42;16;48;2;62;42;16m▀[0;38;2;160;124;36;48;2;160;124;36m▀▀[0;38;2;134;98;26;48;2;134;98;26m▀▀▀[0;38;2;134;98;26;48;2;106;74;18m▀▀[0;38;2;134;98;26;48;2;62;42;16m▀[0;38;2;106;74;18;48;2;62;42;16m▀▀▀▀[0;38;2;74;48;10;48;2;62;42;16m▀[0;38;2;122;86;20;48;2;122;86;20m▀[0;38;2;255;244;184;48;2;242;207;98m▀[0;38;2;122;86;20;48;2;122;86;20m▀[0m
[0;38;2;122;86;20;48;2;122;86;20m▀[0;38;2;242;207;98;48;2;242;207;98m▀[0;38;2;122;86;20;48;2;122;86;20m▀[0;38;2;134;98;26;48;2;134;98;26m▀▀▀▀▀[0;38;2;62;42;16;48;2;62;42;16m▀[0;38;2;255;246;204;48;2;188;140;62m▀[0;38;2;240;196;100;48;2;240;196;100m▀▀[0;38;2;240;196;100;48;2;62;42;16m▀[0;38;2;240;196;100;48;2;240;196;100m▀▀▀▀▀▀▀[0;38;2;240;196;100;48;2;62;42;16m▀[0;38;2;240;196;100;48;2;240;196;100m▀▀▀▀▀▀[0;38;2;240;196;100;48;2;188;140;62m▀[0;38;2;188;140;62;48;2;188;140;62m▀▀▀[0;38;2;62;42;16;48;2;62;42;16m▀[0;38;2;160;124;36;48;2;134;98;26m▀[0;38;2;134;98;26;48;2;134;98;26m▀▀[0;38;2;106;74;18;48;2;106;74;18m▀▀[0;38;2;106;74;18;48;2;62;42;16m▀[0;38;2;62;42;16;48;2;255;246;204m▀[0;38;2;255;246;204;48;2;240;196;100m▀[0;38;2;255;246;204;48;2;148;104;42m▀▀▀▀[0;38;2;188;140;62;48;2;240;196;100m▀[0;38;2;62;42;16;48;2;188;140;62m▀[0;38;2;242;207;98;48;2;62;42;16m▀[0;38;2;122;86;20;48;2;122;86;20m▀[0m
[0;38;2;122;86;20;48;2;122;86;20m▀[0;38;2;242;207;98;48;2;255;244;184m▀[0;38;2;122;86;20;48;2;122;86;20m▀[0;38;2;134;98;26;48;2;134;98;26m▀▀▀▀▀[0;38;2;62;42;16;48;2;160;124;36m▀[0;38;2;188;140;62;48;2;62;42;16m▀[0;38;2;188;140;62;48;2;188;140;62m▀[0;38;2;240;196;100;48;2;188;140;62m▀[0;38;2;240;196;100;48;2;240;196;100m▀[0;38;2;62;42;16;48;2;240;196;100m▀[0;38;2;90;48;8;48;2;62;42;16m▀[0;38;2;90;48;8;48;2;90;48;8m▀[0;38;2;90;48;8;48;2;227;156;86m▀▀[0;38;2;90;48;8;48;2;62;42;16m▀[0;38;2;62;42;16;48;2;240;196;100m▀[0;38;2;240;196;100;48;2;240;196;100m▀▀▀▀▀[0;38;2;240;196;100;48;2;188;140;62m▀[0;38;2;188;140;62;48;2;188;140;62m▀▀▀▀[0;38;2;188;140;62;48;2;62;42;16m▀[0;38;2;62;42;16;48;2;160;124;36m▀[0;38;2;134;98;26;48;2;160;124;36m▀▀▀[0;38;2;106;74;18;48;2;160;124;36m▀[0;38;2;106;74;18;48;2;62;42;16m▀[0;38;2;62;42;16;48;2;255;246;204m▀[0;38;2;255;246;204;48;2;240;196;100m▀[0;38;2;148;104;42;48;2;148;104;42m▀[0;38;2;240;196;100;48;2;240;196;100m▀[0;38;2;240;196;100;48;2;148;104;42m▀▀[0;38;2;240;196;100;48;2;240;196;100m▀[0;38;2;148;104;42;48;2;148;104;42m▀[0;38;2;188;140;62;48;2;188;140;62m▀[0;38;2;62;42;16;48;2;188;140;62m▀[0;38;2;122;86;20;48;2;62;42;16m▀[0m
[0;38;2;122;86;20;48;2;122;86;20m▀[0;38;2;242;207;98;48;2;242;207;98m▀[0;38;2;122;86;20;48;2;122;86;20m▀[0;38;2;106;74;18;48;2;106;74;18m▀▀▀▀▀▀[0;38;2;134;98;26;48;2;134;98;26m▀[0;38;2;62;42;16;48;2;134;98;26m▀[0;38;2;188;140;62;48;2;62;42;16m▀[0;38;2;188;140;62;48;2;188;140;62m▀[0;38;2;240;196;100;48;2;188;140;62m▀▀[0;38;2;62;42;16;48;2;188;140;62m▀[0;38;2;62;42;16;48;2;240;196;100m▀▀[0;38;2;240;196;100;48;2;240;196;100m▀▀▀[0;38;2;240;196;100;48;2;188;140;62m▀▀▀[0;38;2;188;140;62;48;2;188;140;62m▀▀▀▀[0;38;2;188;140;62;48;2;62;42;16m▀[0;38;2;62;42;16;48;2;160;124;36m▀[0;38;2;160;124;36;48;2;160;124;36m▀▀▀▀▀[0;38;2;134;98;26;48;2;134;98;26m▀[0;38;2;62;42;16;48;2;134;98;26m▀[0;38;2;255;246;204;48;2;62;42;16m▀[0;38;2;240;196;100;48;2;240;196;100m▀[0;38;2;148;104;42;48;2;148;104;42m▀[0;38;2;240;196;100;48;2;240;196;100m▀[0;38;2;148;104;42;48;2;240;196;100m▀[0;38;2;240;196;100;48;2;148;104;42m▀▀[0;38;2;148;104;42;48;2;188;140;62m▀[0;38;2;188;140;62;48;2;188;140;62m▀[0;38;2;188;140;62;48;2;62;42;16m▀[0;38;2;62;42;16;48;2;122;86;20m▀[0m
[0;38;2;122;86;20;48;2;122;86;20m▀[0;38;2;242;207;98;48;2;255;244;184m▀[0;38;2;122;86;20;48;2;122;86;20m▀[0;38;2;106;74;18;48;2;106;74;18m▀▀▀▀[0;38;2;106;74;18;48;2;134;98;26m▀▀[0;38;2;134;98;26;48;2;134;98;26m▀[0;38;2;134;98;26;48;2;160;124;36m▀[0;38;2;160;124;36;48;2;160;124;36m▀[0;38;2;62;42;16;48;2;160;124;36m▀[0;38;2;188;140;62;48;2;62;42;16m▀▀▀[0;38;2;188;140;62;48;2;188;140;62m▀▀▀▀▀▀▀▀[0;38;2;188;140;62;48;2;62;42;16m▀▀▀[0;38;2;62;42;16;48;2;160;124;36m▀[0;38;2;134;98;26;48;2;160;124;36m▀[0;38;2;134;98;26;48;2;134;98;26m▀▀▀[0;38;2;134;98;26;48;2;64;34;10m▀[0;38;2;160;124;36;48;2;64;34;10m▀▀[0;38;2;134;98;26;48;2;64;34;10m▀▀[0;38;2;62;42;16;48;2;134;98;26m▀[0;38;2;188;140;62;48;2;62;42;16m▀[0;38;2;240;196;100;48;2;188;140;62m▀[0;38;2;148;104;42;48;2;188;140;62m▀[0;38;2;240;196;100;48;2;188;140;62m▀▀[0;38;2;188;140;62;48;2;188;140;62m▀▀[0;38;2;188;140;62;48;2;62;42;16m▀[0;38;2;62;42;16;48;2;242;207;98m▀[0;38;2;122;86;20;48;2;122;86;20m▀[0m
[0;38;2;122;86;20;48;2;122;86;20m▀[0;38;2;242;207;98;48;2;242;207;98m▀[0;38;2;122;86;20;48;2;62;42;16m▀[0;38;2;62;42;16;48;2;255;246;204m▀▀[0;38;2;62;42;16;48;2;188;140;62m▀[0;38;2;134;98;26;48;2;62;42;16m▀[0;38;2;134;98;26;48;2;134;98;26m▀▀▀[0;38;2;160;124;36;48;2;134;98;26m▀[0;38;2;160;124;36;48;2;160;124;36m▀[0;38;2;160;124;36;48;2;134;98;26m▀▀[0;38;2;134;98;26;48;2;134;98;26m▀▀[0;38;2;62;42;16;48;2;134;98;26m▀[0;38;2;62;42;16;48;2;62;42;16m▀[0;38;2;62;42;16;48;2;240;196;100m▀▀▀[0;38;2;62;42;16;48;2;188;140;62m▀▀[0;38;2;62;42;16;48;2;62;42;16m▀[0;38;2;134;98;26;48;2;134;98;26m▀▀[0;38;2;160;124;36;48;2;134;98;26m▀[0;38;2;160;124;36;48;2;160;124;36m▀▀[0;38;2;160;124;36;48;2;64;34;10m▀[0;38;2;64;34;10;48;2;255;240;184m▀▀[0;38;2;255;240;184;48;2;255;240;184m▀▀[0;38;2;255;240;184;48;2;210;122;42m▀▀▀[0;38;2;64;34;10;48;2;210;122;42m▀[0;38;2;64;34;10;48;2;216;176;96m▀[0;38;2;188;140;62;48;2;64;34;10m▀[0;38;2;188;140;62;48;2;188;140;62m▀[0;38;2;188;140;62;48;2;62;42;16m▀[0;38;2;62;42;16;48;2;106;74;18m▀[0;38;2;62;42;16;48;2;74;48;10m▀[0;38;2;62;42;16;48;2;106;74;18m▀[0;38;2;122;86;20;48;2;122;86;20m▀[0;38;2;242;207;98;48;2;242;207;98m▀[0;38;2;122;86;20;48;2;122;86;20m▀[0m
[0;38;2;122;86;20;48;2;122;86;20m▀[0;38;2;62;42;16;48;2;62;42;16m▀[0;38;2;255;246;204;48;2;188;140;62m▀[0;38;2;240;196;100;48;2;188;140;62m▀[0;38;2;240;196;100;48;2;240;196;100m▀▀▀[0;38;2;62;42;16;48;2;240;196;100m▀▀[0;38;2;62;42;16;48;2;255;246;204m▀[0;38;2;106;74;18;48;2;62;42;16m▀▀[0;38;2;134;98;26;48;2;62;42;16m▀▀▀[0;38;2;62;42;16;48;2;240;196;100m▀[0;38;2;62;42;16;48;2;255;240;184m▀[0;38;2;240;196;100;48;2;255;240;184m▀▀[0;38;2;255;240;184;48;2;255;240;184m▀[0;38;2;240;196;100;48;2;255;240;184m▀▀▀[0;38;2;188;140;62;48;2;240;196;100m▀[0;38;2;62;42;16;48;2;240;196;100m▀[0;38;2;62;42;16;48;2;188;140;62m▀[0;38;2;134;98;26;48;2;62;42;16m▀▀[0;38;2;64;34;10;48;2;216;176;96m▀[0;38;2;255;240;184;48;2;216;176;96m▀[0;38;2;255;240;184;48;2;255;240;184m▀▀[0;38;2;255;240;184;48;2;210;122;42m▀[0;38;2;210;122;42;48;2;148;76;20m▀▀▀▀▀[0;38;2;210;122;42;48;2;210;122;42m▀[0;38;2;216;176;96;48;2;148;76;20m▀[0;38;2;64;34;10;48;2;64;34;10m▀[0;38;2;62;42;16;48;2;106;74;18m▀[0;38;2;106;74;18;48;2;74;48;10m▀[0;38;2;74;48;10;48;2;74;48;10m▀▀[0;38;2;122;86;20;48;2;122;86;20m▀[0;38;2;255;244;184;48;2;242;207;98m▀[0;38;2;122;86;20;48;2;122;86;20m▀[0m
[0;38;2;122;86;20;48;2;122;86;20m▀[0;38;2;242;207;98;48;2;242;207;98m▀[0;38;2;62;42;16;48;2;122;86;20m▀▀[0;38;2;188;140;62;48;2;62;42;16m▀▀▀▀[0;38;2;240;196;100;48;2;188;140;62m▀▀▀[0;38;2;240;196;100;48;2;240;196;100m▀[0;38;2;255;246;204;48;2;188;140;62m▀[0;38;2;188;140;62;48;2;188;140;62m▀[0;38;2;62;42;16;48;2;62;42;16m▀[0;38;2;255;240;184;48;2;255;255;255m▀[0;38;2;255;240;184;48;2;255;240;184m▀▀▀▀▀▀▀▀[0;38;2;240;196;100;48;2;255;240;184m▀[0;38;2;240;196;100;48;2;240;196;100m▀[0;38;2;188;140;62;48;2;240;196;100m▀[0;38;2;188;140;62;48;2;188;140;62m▀[0;38;2;62;42;16;48;2;188;140;62m▀[0;38;2;216;176;96;48;2;62;42;16m▀[0;38;2;255;240;184;48;2;216;176;96m▀[0;38;2;210;122;42;48;2;210;122;42m▀▀▀▀[0;38;2;148;76;20;48;2;148;76;20m▀[0;38;2;210;122;42;48;2;210;122;42m▀▀▀▀[0;38;2;148;76;20;48;2;148;76;20m▀[0;38;2;64;34;10;48;2;64;34;10m▀[0;38;2;74;48;10;48;2;122;86;20m▀▀▀[0;38;2;122;86;20;48;2;122;86;20m▀[0;38;2;242;207;98;48;2;242;207;98m▀[0;38;2;122;86;20;48;2;122;86;20m▀[0m
[0;38;2;242;207;98;48;2;122;86;20m▀[0;38;2;255;255;255;48;2;242;207;98m▀[0;38;2;242;207;98;48;2;122;86;20m▀▀▀▀[0;38;2;255;244;184;48;2;122;86;20m▀[0;38;2;242;207;98;48;2;122;86;20m▀[0;38;2;62;42;16;48;2;122;86;20m▀▀[0;38;2;62;42;16;48;2;62;42;16m▀[0;38;2;188;140;62;48;2;62;42;16m▀[0;38;2;188;140;62;48;2;216;176;96m▀▀[0;38;2;62;42;16;48;2;216;176;96m▀[0;38;2;255;255;255;48;2;216;176;96m▀[0;38;2;255;240;184;48;2;216;176;96m▀▀▀▀▀▀[0;38;2;255;240;184;48;2;255;240;184m▀▀▀▀[0;38;2;240;196;100;48;2;240;196;100m▀[0;38;2;188;140;62;48;2;240;196;100m▀[0;38;2;188;140;62;48;2;188;140;62m▀[0;38;2;62;42;16;48;2;188;140;62m▀[0;38;2;216;176;96;48;2;62;42;16m▀[0;38;2;210;122;42;48;2;244;168;96m▀[0;38;2;210;122;42;48;2;148;76;20m▀▀▀[0;38;2;148;76;20;48;2;148;76;20m▀[0;38;2;210;122;42;48;2;148;76;20m▀▀▀[0;38;2;210;122;42;48;2;210;122;42m▀[0;38;2;148;76;20;48;2;148;76;20m▀[0;38;2;64;34;10;48;2;64;34;10m▀[0;38;2;255;244;184;48;2;122;86;20m▀[0;38;2;242;207;98;48;2;122;86;20m▀▀▀[0;38;2;255;255;255;48;2;242;207;98m▀[0;38;2;242;207;98;48;2;122;86;20m▀[0m
