[0m     [0;38;2;31;85;96m▄▄[0;38;2;31;85;96;48;2;152;216;222m▀▀▀▀▀▀▀▀[0;38;2;31;85;96m▄▄[0m[0m
[0m   [0;38;2;31;85;96m▄[0;38;2;31;85;96;48;2;152;216;222m▀[0;38;2;152;216;222;48;2;214;246;244m▀▀[0;38;2;214;246;244;48;2;152;216;222m▀▀[0;38;2;152;216;222;48;2;152;216;222m▀▀▀▀▀▀▀[0;38;2;94;170;182;48;2;152;216;222m▀[0;38;2;31;85;96;48;2;94;170;182m▀[0;38;2;31;85;96m▄[0m[0m
[0m  [0;38;2;31;85;96;48;2;31;85;96m▀[0;38;2;152;216;222;48;2;152;216;222m▀▀[0;38;2;152;216;222;48;2;26;16;20m▀[0;38;2;26;16;20;48;2;255;255;255m▀[0;38;2;26;16;20;48;2;154;52;32m▀[0;38;2;152;216;222;48;2;26;16;20m▀[0;38;2;152;216;222;48;2;152;216;222m▀▀▀[0;38;2;152;216;222;48;2;26;16;20m▀[0;38;2;26;16;20;48;2;255;255;255m▀[0;38;2;26;16;20;48;2;154;52;32m▀[0;38;2;152;216;222;48;2;26;16;20m▀[0;38;2;152;216;222;48;2;152;216;222m▀[0;38;2;94;170;182;48;2;94;170;182m▀▀[0;38;2;31;85;96;48;2;31;85;96m▀[0m[0m
[0m  [0;38;2;31;85;96;48;2;31;85;96m▀[0;38;2;152;216;222;48;2;152;216;222m▀▀[0;38;2;26;16;20;48;2;26;16;20m▀[0;38;2;154;52;32;48;2;154;52;32m▀▀[0;38;2;26;16;20;48;2;26;16;20m▀[0;38;2;152;216;222;48;2;152;216;222m▀▀▀[0;38;2;26;16;20;48;2;26;16;20m▀[0;38;2;154;52;32;48;2;154;52;32m▀▀[0;38;2;26;16;20;48;2;26;16;20m▀[0;38;2;152;216;222;48;2;152;216;222m▀[0;38;2;94;170;182;48;2;94;170;182m▀▀[0;38;2;31;85;96;48;2;31;85;96m▀[0m[0m
[0m  [0;38;2;31;85;96;48;2;31;85;96m▀[0;38;2;152;216;222;48;2;152;216;222m▀▀▀[0;38;2;26;16;20;48;2;152;216;222m▀▀[0;38;2;152;216;222;48;2;152;216;222m▀▀▀▀▀[0;38;2;26;16;20;48;2;152;216;222m▀▀[0;38;2;152;216;222;48;2;152;216;222m▀[0;38;2;152;216;222;48;2;94;170;182m▀[0;38;2;94;170;182;48;2;94;170;182m▀▀[0;38;2;31;85;96;48;2;31;85;96m▀[0m[0m
[0m   [0;38;2;31;85;96;48;2;31;85;96m▀[0;38;2;152;216;222;48;2;94;170;182m▀[0;38;2;152;216;222;48;2;152;216;222m▀[0;38;2;31;85;96;48;2;152;216;222m▀[0;38;2;152;216;222;48;2;31;85;96m▀[0;38;2;152;216;222;48;2;122;36;54m▀▀▀[0;38;2;152;216;222;48;2;31;85;96m▀[0;38;2;31;85;96;48;2;152;216;222m▀[0;38;2;152;216;222;48;2;152;216;222m▀▀[0;38;2;94;170;182;48;2;94;170;182m▀▀▀[0;38;2;31;85;96;48;2;31;85;96m▀[0m[0m
[0m    [0;38;2;31;85;96m▀[0;38;2;94;170;182;48;2;31;85;96m▀▀[0;38;2;152;216;222;48;2;94;170;182m▀[0;38;2;31;85;96;48;2;94;170;182m▀[0;38;2;232;120;138;48;2;94;170;182m▀[0;38;2;31;85;96;48;2;94;170;182m▀[0;38;2;152;216;222;48;2;94;170;182m▀▀[0;38;2;94;170;182;48;2;94;170;182m▀▀[0;38;2;94;170;182;48;2;31;85;96m▀▀[0;38;2;31;85;96;48;2;245;224;160m▀[0;38;2;245;224;160;48;2;238;164;86m▀[0;38;2;78;34;8;48;2;238;164;86m▀▀[0;38;2;78;34;8m▄▄[0m[0m
[0m     [0;38;2;31;85;96m▄[0;38;2;31;85;96;48;2;152;216;222m▀[0;38;2;31;85;96;48;2;255;247;214m▀▀▀▀▀▀[0;38;2;31;85;96;48;2;152;216;222m▀▀[0;38;2;152;216;222;48;2;94;170;182m▀[0;38;2;31;85;96;48;2;94;170;182m▀[0;38;2;245;224;160;48;2;31;85;96m▀[0;38;2;238;164;86;48;2;245;224;160m▀[0;38;2;204;122;44;48;2;238;164;86m▀[0;38;2;204;122;44;48;2;204;122;44m▀▀[0;38;2;154;76;22;48;2;204;122;44m▀[0;38;2;78;34;8;48;2;154;76;22m▀[0;38;2;78;34;8m▄[0m [0;38;2;31;85;96m▄▄▄▄[0m[0m
[0m [0;38;2;31;85;96m▄[0;38;2;31;85;96;48;2;214;246;244m▀▀[0;38;2;31;85;96;48;2;152;216;222m▀[0;38;2;31;85;96;48;2;31;85;96m▀[0;38;2;255;247;214;48;2;255;247;214m▀[0;38;2;245;224;160;48;2;245;224;160m▀▀▀▀▀▀▀[0;38;2;152;216;222;48;2;152;216;222m▀[0;38;2;152;216;222;48;2;94;170;182m▀[0;38;2;94;170;182;48;2;94;170;182m▀[0;38;2;31;85;96;48;2;94;170;182m▀[0;38;2;245;224;160;48;2;31;85;96m▀[0;38;2;238;164;86;48;2;245;224;160m▀[0;38;2;204;122;44;48;2;154;76;22m▀▀▀[0;38;2;154;76;22;48;2;154;76;22m▀[0;38;2;78;34;8;48;2;154;76;22m▀[0;38;2;31;85;96;48;2;78;34;8m▀[0;38;2;152;216;222;48;2;214;246;244m▀[0;38;2;214;246;244;48;2;152;216;222m▀[0;38;2;214;246;244;48;2;63;142;152m▀[0;38;2;152;216;222;48;2;63;142;152m▀[0;38;2;31;85;96;48;2;152;216;222m▀[0;38;2;31;85;96m▄[0m
[0m [0;38;2;31;85;96m▀[0;38;2;152;216;222;48;2;31;85;96m▀▀[0;38;2;94;170;182;48;2;31;85;96m▀[0;38;2;31;85;96;48;2;31;85;96m▀[0;38;2;255;247;214;48;2;255;247;214m▀[0;38;2;245;224;160;48;2;216;180;102m▀▀▀▀▀▀[0;38;2;245;224;160;48;2;245;224;160m▀[0;38;2;152;216;222;48;2;152;216;222m▀▀[0;38;2;94;170;182;48;2;94;170;182m▀▀[0;38;2;31;85;96;48;2;31;85;96m▀[0;38;2;245;224;160;48;2;245;224;160m▀[0;38;2;238;164;86;48;2;204;122;44m▀[0;38;2;204;122;44;48;2;204;122;44m▀[0;38;2;154;76;22;48;2;154;76;22m▀[0;38;2;238;164;86;48;2;204;122;44m▀[0;38;2;204;122;44;48;2;154;76;22m▀[0;38;2;78;34;8;48;2;78;34;8m▀[0;38;2;152;216;222;48;2;152;216;222m▀[0;38;2;63;142;152;48;2;63;142;152m▀[0;38;2;152;216;222;48;2;152;216;222m▀[0;38;2;152;216;222;48;2;63;142;152m▀[0;38;2;63;142;152;48;2;94;170;182m▀[0;38;2;31;85;96;48;2;31;85;96m▀[0m
[0m    [0;38;2;31;85;96;48;2;31;85;96m▀[0;38;2;152;216;222;48;2;152;216;222m▀[0;38;2;255;247;214;48;2;255;247;214m▀[0;38;2;245;224;160;48;2;216;180;102m▀▀▀▀▀▀[0;38;2;245;224;160;48;2;245;224;160m▀[0;38;2;152;216;222;48;2;152;216;222m▀[0;38;2;152;216;222;48;2;94;170;182m▀[0;38;2;94;170;182;48;2;94;170;182m▀▀[0;38;2;31;85;96;48;2;31;85;96m▀[0;38;2;245;224;160;48;2;245;224;160m▀[0;38;2;204;122;44;48;2;154;76;22m▀▀[0;38;2;154;76;22;48;2;154;76;22m▀[0;38;2;204;122;44;48;2;154;76;22m▀[0;38;2;154;76;22;48;2;154;76;22m▀[0;38;2;78;34;8;48;2;78;34;8m▀[0;38;2;152;216;222;48;2;94;170;182m▀[0;38;2;94;170;182;48;2;94;170;182m▀[0;38;2;63;142;152;48;2;94;170;182m▀▀[0;38;2;94;170;182;48;2;94;170;182m▀[0;38;2;31;85;96;48;2;31;85;96m▀[0m
[0m     [0;38;2;31;85;96;48;2;31;85;96m▀[0;38;2;245;224;160;48;2;245;224;160m▀▀▀▀▀▀[0;38;2;245;224;160;48;2;216;180;102m▀[0;38;2;216;180;102;48;2;216;180;102m▀[0;38;2;152;216;222;48;2;94;170;182m▀[0;38;2;94;170;182;48;2;94;170;182m▀▀[0;38;2;31;85;96;48;2;31;85;96m▀[0;38;2;245;224;160;48;2;245;224;160m▀[0;38;2;216;180;102;48;2;216;180;102m▀[0;38;2;204;122;44;48;2;204;122;44m▀▀[0;38;2;204;122;44;48;2;154;76;22m▀[0;38;2;154;76;22;48;2;154;76;22m▀[0;38;2;78;34;8;48;2;78;34;8m▀[0;38;2;152;216;222;48;2;152;216;222m▀▀[0;38;2;94;170;182;48;2;94;170;182m▀▀[0;38;2;94;170;182;48;2;31;85;96m▀[0;38;2;31;85;96m▀[0m[0m
[0m    [0;38;2;31;85;96m▄[0;38;2;31;85;96;48;2;152;216;222m▀[0;38;2;94;170;182;48;2;152;216;222m▀[0;38;2;216;180;102;48;2;152;216;222m▀[0;38;2;216;180;102;48;2;94;170;182m▀[0;38;2;216;180;102;48;2;31;85;96m▀▀▀▀[0;38;2;94;170;182;48;2;152;216;222m▀▀▀[0;38;2;31;85;96;48;2;94;170;182m▀[0;38;2;245;224;160;48;2;31;85;96m▀[0;38;2;216;180;102;48;2;216;180;102m▀[0;38;2;204;122;44;48;2;154;76;22m▀[0;38;2;154;76;22;48;2;154;76;22m▀[0;38;2;154;76;22;48;2;78;34;8m▀▀[0;38;2;78;34;8;48;2;31;85;96m▀[0;38;2;152;216;222;48;2;31;85;96m▀[0;38;2;94;170;182;48;2;31;85;96m▀[0;38;2;94;170;182m▀▀[0;38;2;31;85;96m▀[0m[0m
[0m    [0;38;2;31;85;96m▀[0;38;2;152;216;222;48;2;31;85;96m▀▀[0;38;2;94;170;182;48;2;31;85;96m▀▀[0;38;2;31;85;96m▀[0m  [0;38;2;31;85;96m▀[0;38;2;152;216;222;48;2;31;85;96m▀▀[0;38;2;94;170;182;48;2;31;85;96m▀▀[0;38;2;31;85;96m▀[0;38;2;78;34;8m▀▀▀[0m[0m
